1.563416666666671517e+01
1.963416666666671517e+01
1.763416666666671517e+01
6.634166666666715173e+00
2.634166666666715173e+00
-1.365833333333284827e+00
2.634166666666715173e+00
8.634166666666715173e+00
9.634166666666715173e+00
4.634166666666715173e+00
-3.365833333333284827e+00
-4.365833333333284827e+00
-3.365833333333284827e+00
2.634166666666715173e+00
5.634166666666715173e+00
5.634166666666715173e+00
5.634166666666715173e+00
3.634166666666715173e+00
4.634166666666715173e+00
6.634166666666715173e+00
5.634166666666715173e+00
-2.365833333333284827e+00
-8.365833333333284827e+00
-9.365833333333284827e+00
-7.365833333333284827e+00
-1.365833333333284827e+00
-1.365833333333284827e+00
-3.365833333333284827e+00
-5.365833333333284827e+00
-6.365833333333284827e+00
-9.365833333333284827e+00
-5.365833333333284827e+00
-3.365833333333284827e+00
-2.365833333333284827e+00
-1.365833333333284827e+00
-1.365833333333284827e+00
-2.365833333333284827e+00
-7.365833333333284827e+00
-1.136583333333328483e+01
-1.436583333333328483e+01
-1.236583333333328483e+01
-1.236583333333328483e+01
-1.136583333333328483e+01
-7.365833333333284827e+00
-5.365833333333284827e+00
-8.365833333333284827e+00
-1.136583333333328483e+01
-1.036583333333328483e+01
-9.365833333333284827e+00
-4.365833333333284827e+00
-6.365833333333284827e+00
-1.136583333333328483e+01
-1.236583333333328483e+01
-1.136583333333328483e+01
-5.365833333333284827e+00
-1.365833333333284827e+00
-1.365833333333284827e+00
-3.365833333333284827e+00
-8.365833333333284827e+00
-7.365833333333284827e+00
-6.365833333333284827e+00
5.634166666666715173e+00
5.634166666666715173e+00
5.634166666666715173e+00
6.634166666666715173e+00
1.463416666666671517e+01
2.163416666666671517e+01
2.663416666666671517e+01
2.663416666666671517e+01
2.563416666666671517e+01
2.863416666666671517e+01
3.663416666666671517e+01
5.563416666666671517e+01
6.463416666666671517e+01
6.463416666666671517e+01
6.563416666666671517e+01
5.963416666666671517e+01
6.263416666666671517e+01
6.263416666666671517e+01
6.663416666666671517e+01
6.863416666666671517e+01
6.663416666666671517e+01
5.963416666666671517e+01
4.863416666666671517e+01
3.663416666666671517e+01
3.163416666666671517e+01
2.563416666666671517e+01
1.863416666666671517e+01
1.063416666666671517e+01
8.634166666666715173e+00
7.634166666666715173e+00
7.634166666666715173e+00
-1.365833333333284827e+00
-1.036583333333328483e+01
-2.036583333333328483e+01
-2.236583333333328483e+01
-1.736583333333328483e+01
-1.236583333333328483e+01
-1.036583333333328483e+01
-1.136583333333328483e+01
-1.536583333333328483e+01
-1.736583333333328483e+01
-1.736583333333328483e+01
-1.436583333333328483e+01
-1.636583333333328483e+01
-2.036583333333328483e+01
-2.536583333333328483e+01
-3.136583333333328483e+01
-3.936583333333328483e+01
-3.736583333333328483e+01
-2.136583333333328483e+01
1.663416666666671517e+01
8.363416666666671517e+01
1.776341666666667152e+02
2.786341666666667152e+02
3.636341666666667152e+02
4.186341666666667152e+02
4.506341666666667152e+02
4.666341666666667152e+02
4.676341666666667152e+02
4.486341666666667152e+02
3.946341666666667152e+02
2.886341666666667152e+02
1.606341666666667152e+02
3.263416666666671517e+01
-9.536583333333328483e+01
-9.436583333333328483e+01
-4.936583333333328483e+01
-2.336583333333328483e+01
-2.936583333333328483e+01
-3.836583333333328483e+01
-3.536583333333328483e+01
-2.836583333333328483e+01
-2.536583333333328483e+01
-3.336583333333328483e+01
-3.336583333333328483e+01
-3.036583333333328483e+01
-2.536583333333328483e+01
-2.036583333333328483e+01
-2.136583333333328483e+01
-2.936583333333328483e+01
-3.936583333333328483e+01
-4.936583333333328483e+01
-4.736583333333328483e+01
-4.136583333333328483e+01
-3.536583333333328483e+01
-3.536583333333328483e+01
-3.736583333333328483e+01
-3.736583333333328483e+01
-3.536583333333328483e+01
-3.036583333333328483e+01
-2.736583333333328483e+01
-2.836583333333328483e+01
-2.836583333333328483e+01
-3.036583333333328483e+01
-3.036583333333328483e+01
-2.736583333333328483e+01
-2.236583333333328483e+01
-2.436583333333328483e+01
-2.936583333333328483e+01
-2.836583333333328483e+01
-3.136583333333328483e+01
-3.536583333333328483e+01
-3.836583333333328483e+01
-3.636583333333328483e+01
-2.836583333333328483e+01
-2.536583333333328483e+01
-2.436583333333328483e+01
-2.336583333333328483e+01
-1.936583333333328483e+01
-1.836583333333328483e+01
-1.736583333333328483e+01
-2.136583333333328483e+01
-2.136583333333328483e+01
-2.136583333333328483e+01
-2.036583333333328483e+01
-1.736583333333328483e+01
-1.736583333333328483e+01
-1.636583333333328483e+01
-1.436583333333328483e+01
-7.365833333333284827e+00
-2.365833333333284827e+00
-2.365833333333284827e+00
1.634166666666715173e+00
3.634166666666715173e+00
3.634166666666715173e+00
5.634166666666715173e+00
9.634166666666715173e+00
8.634166666666715173e+00
1.163416666666671517e+01
1.263416666666671517e+01
1.363416666666671517e+01
1.763416666666671517e+01
1.763416666666671517e+01
2.363416666666671517e+01
2.463416666666671517e+01
2.763416666666671517e+01
3.563416666666671517e+01
3.863416666666671517e+01
4.463416666666671517e+01
5.063416666666671517e+01
5.163416666666671517e+01
5.163416666666671517e+01
5.663416666666671517e+01
6.463416666666671517e+01
7.263416666666671517e+01
7.763416666666671517e+01
7.863416666666671517e+01
8.163416666666671517e+01
8.963416666666671517e+01
9.563416666666671517e+01
1.006341666666667152e+02
9.963416666666671517e+01
9.263416666666671517e+01
9.163416666666671517e+01
9.563416666666671517e+01
1.076341666666667152e+02
1.146341666666667152e+02
1.146341666666667152e+02
1.086341666666667152e+02
1.036341666666667152e+02
1.046341666666667152e+02
1.036341666666667152e+02
1.006341666666667152e+02
9.663416666666671517e+01
9.563416666666671517e+01
9.363416666666671517e+01
8.863416666666671517e+01
8.663416666666671517e+01
9.063416666666671517e+01
8.063416666666671517e+01
7.063416666666671517e+01
6.163416666666671517e+01
5.563416666666671517e+01
5.763416666666671517e+01
5.863416666666671517e+01
5.463416666666671517e+01
4.663416666666671517e+01
3.763416666666671517e+01
3.263416666666671517e+01
2.963416666666671517e+01
3.063416666666671517e+01
2.963416666666671517e+01
2.463416666666671517e+01
1.963416666666671517e+01
2.063416666666671517e+01
2.163416666666671517e+01
1.663416666666671517e+01
1.363416666666671517e+01
1.163416666666671517e+01
6.634166666666715173e+00
2.634166666666715173e+00
2.634166666666715173e+00
6.341666666667151731e-01
-6.365833333333284827e+00
-8.365833333333284827e+00
-9.365833333333284827e+00
-4.365833333333284827e+00
-5.365833333333284827e+00
-7.365833333333284827e+00
-9.365833333333284827e+00
-9.365833333333284827e+00
-1.236583333333328483e+01
-1.236583333333328483e+01
-8.365833333333284827e+00
-2.365833333333284827e+00
-2.365833333333284827e+00
-1.136583333333328483e+01
-1.536583333333328483e+01
-2.036583333333328483e+01
-1.136583333333328483e+01
-5.365833333333284827e+00
-5.365833333333284827e+00
-7.365833333333284827e+00
-6.365833333333284827e+00
-3.365833333333284827e+00
-1.365833333333284827e+00
5.634166666666715173e+00
6.634166666666715173e+00
2.634166666666715173e+00
-1.365833333333284827e+00
1.634166666666715173e+00
1.634166666666715173e+00
6.634166666666715173e+00
5.634166666666715173e+00
2.634166666666715173e+00
-3.658333333332848269e-01
1.634166666666715173e+00
7.634166666666715173e+00
7.634166666666715173e+00
1.063416666666671517e+01
1.063416666666671517e+01
1.363416666666671517e+01
1.663416666666671517e+01
2.163416666666671517e+01
2.363416666666671517e+01
2.463416666666671517e+01
1.863416666666671517e+01
1.663416666666671517e+01
1.363416666666671517e+01
1.563416666666671517e+01
2.363416666666671517e+01
2.963416666666671517e+01
2.863416666666671517e+01
2.463416666666671517e+01
2.463416666666671517e+01
2.463416666666671517e+01
2.463416666666671517e+01
1.663416666666671517e+01
6.634166666666715173e+00
4.634166666666715173e+00
9.634166666666715173e+00
1.363416666666671517e+01
1.463416666666671517e+01
1.563416666666671517e+01
1.063416666666671517e+01
3.634166666666715173e+00
5.634166666666715173e+00
1.563416666666671517e+01
1.563416666666671517e+01
8.634166666666715173e+00
-7.365833333333284827e+00
-7.365833333333284827e+00
2.634166666666715173e+00
1.163416666666671517e+01
1.563416666666671517e+01
1.163416666666671517e+01
2.634166666666715173e+00
-3.658333333332848269e-01
6.341666666667151731e-01
3.634166666666715173e+00
3.634166666666715173e+00
6.341666666667151731e-01
-2.365833333333284827e+00
-5.365833333333284827e+00
-5.365833333333284827e+00
-8.365833333333284827e+00
-2.365833333333284827e+00
-3.658333333332848269e-01
-1.365833333333284827e+00
-3.365833333333284827e+00
-2.365833333333284827e+00
-6.365833333333284827e+00
-1.236583333333328483e+01
-1.236583333333328483e+01
-1.336583333333328483e+01
-1.036583333333328483e+01
-8.365833333333284827e+00
-4.365833333333284827e+00
2.634166666666715173e+00
5.634166666666715173e+00
4.634166666666715173e+00
4.634166666666715173e+00
6.341666666667151731e-01
-3.365833333333284827e+00
-1.136583333333328483e+01
-1.636583333333328483e+01
-1.636583333333328483e+01
-1.536583333333328483e+01
-1.236583333333328483e+01
-1.036583333333328483e+01
-5.365833333333284827e+00
6.341666666667151731e-01
-3.658333333332848269e-01
-5.365833333333284827e+00
-4.365833333333284827e+00
-3.658333333332848269e-01
3.634166666666715173e+00
6.341666666667151731e-01
-1.036583333333328483e+01
-1.936583333333328483e+01
-1.736583333333328483e+01
-1.236583333333328483e+01
-9.365833333333284827e+00
-1.736583333333328483e+01
-2.336583333333328483e+01
-1.936583333333328483e+01
-1.336583333333328483e+01
-9.365833333333284827e+00
-7.365833333333284827e+00
-9.365833333333284827e+00
-1.336583333333328483e+01
-1.136583333333328483e+01
-7.365833333333284827e+00
-2.365833333333284827e+00
-3.658333333332848269e-01
-6.365833333333284827e+00
-1.236583333333328483e+01
-1.536583333333328483e+01
-1.036583333333328483e+01
-3.658333333332848269e-01
5.634166666666715173e+00
8.634166666666715173e+00
2.634166666666715173e+00
-4.365833333333284827e+00
-1.236583333333328483e+01
-1.836583333333328483e+01
-1.836583333333328483e+01
-1.236583333333328483e+01
-7.365833333333284827e+00
-1.136583333333328483e+01
-1.436583333333328483e+01
-1.636583333333328483e+01
-1.336583333333328483e+01
-1.836583333333328483e+01
-1.836583333333328483e+01
-1.536583333333328483e+01
-1.636583333333328483e+01
-1.536583333333328483e+01
-1.336583333333328483e+01
-7.365833333333284827e+00
-5.365833333333284827e+00
-4.365833333333284827e+00
3.634166666666715173e+00
5.634166666666715173e+00
4.634166666666715173e+00
-3.658333333332848269e-01
-1.136583333333328483e+01
-1.536583333333328483e+01
-9.365833333333284827e+00
-2.365833333333284827e+00
5.634166666666715173e+00
1.463416666666671517e+01
2.063416666666671517e+01
2.063416666666671517e+01
2.163416666666671517e+01
2.063416666666671517e+01
2.863416666666671517e+01
4.163416666666671517e+01
5.263416666666671517e+01
6.163416666666671517e+01
6.163416666666671517e+01
5.863416666666671517e+01
6.163416666666671517e+01
6.163416666666671517e+01
6.063416666666671517e+01
6.163416666666671517e+01
6.863416666666671517e+01
7.363416666666671517e+01
6.963416666666671517e+01
5.663416666666671517e+01
4.163416666666671517e+01
2.263416666666671517e+01
1.163416666666671517e+01
1.363416666666671517e+01
1.763416666666671517e+01
2.063416666666671517e+01
1.663416666666671517e+01
4.634166666666715173e+00
-8.365833333333284827e+00
-1.536583333333328483e+01
-1.336583333333328483e+01
-6.365833333333284827e+00
-8.365833333333284827e+00
-1.636583333333328483e+01
-2.036583333333328483e+01
-1.736583333333328483e+01
-1.236583333333328483e+01
-1.136583333333328483e+01
-1.336583333333328483e+01
-1.636583333333328483e+01
-1.436583333333328483e+01
-1.336583333333328483e+01
-1.336583333333328483e+01
-2.436583333333328483e+01
-3.036583333333328483e+01
-2.436583333333328483e+01
1.634166666666715173e+00
4.863416666666671517e+01
1.246341666666667152e+02
2.146341666666667152e+02
3.106341666666667152e+02
3.916341666666667152e+02
4.496341666666667152e+02
4.756341666666667152e+02
4.806341666666667152e+02
4.696341666666667152e+02
4.366341666666667152e+02
3.656341666666667152e+02
2.506341666666667152e+02
1.226341666666667152e+02
-5.365833333333284827e+00
-7.236583333333328483e+01
-5.736583333333328483e+01
-2.836583333333328483e+01
-1.936583333333328483e+01
-2.536583333333328483e+01
-2.536583333333328483e+01
-1.436583333333328483e+01
-1.236583333333328483e+01
-1.236583333333328483e+01
-1.436583333333328483e+01
-2.336583333333328483e+01
-3.736583333333328483e+01
-4.836583333333328483e+01
-4.236583333333328483e+01
-3.636583333333328483e+01
-3.536583333333328483e+01
-3.336583333333328483e+01
-3.236583333333328483e+01
-3.036583333333328483e+01
-2.736583333333328483e+01
-2.736583333333328483e+01
-2.836583333333328483e+01
-2.636583333333328483e+01
-2.936583333333328483e+01
-3.436583333333328483e+01
-3.936583333333328483e+01
-4.136583333333328483e+01
-4.336583333333328483e+01
-3.836583333333328483e+01
-2.436583333333328483e+01
-2.136583333333328483e+01
-2.336583333333328483e+01
-3.136583333333328483e+01
-3.336583333333328483e+01
-3.136583333333328483e+01
-3.736583333333328483e+01
-4.436583333333328483e+01
-4.736583333333328483e+01
-4.536583333333328483e+01
-4.136583333333328483e+01
-4.336583333333328483e+01
-4.636583333333328483e+01
-4.436583333333328483e+01
-3.436583333333328483e+01
-2.136583333333328483e+01
-1.536583333333328483e+01
-1.936583333333328483e+01
-2.536583333333328483e+01
-3.936583333333328483e+01
-4.436583333333328483e+01
-3.336583333333328483e+01
-1.836583333333328483e+01
-1.036583333333328483e+01
-5.365833333333284827e+00
-6.365833333333284827e+00
-8.365833333333284827e+00
-1.436583333333328483e+01
-2.236583333333328483e+01
-2.736583333333328483e+01
-2.136583333333328483e+01
-1.336583333333328483e+01
-5.365833333333284827e+00
-3.365833333333284827e+00
-3.658333333332848269e-01
7.634166666666715173e+00
7.634166666666715173e+00
6.634166666666715173e+00
4.634166666666715173e+00
-3.365833333333284827e+00
-9.365833333333284827e+00
-1.365833333333284827e+00
1.263416666666671517e+01
2.263416666666671517e+01
2.563416666666671517e+01
2.863416666666671517e+01
3.263416666666671517e+01
3.763416666666671517e+01
3.863416666666671517e+01
3.263416666666671517e+01
3.163416666666671517e+01
3.163416666666671517e+01
3.963416666666671517e+01
5.563416666666671517e+01
7.163416666666671517e+01
7.163416666666671517e+01
7.263416666666671517e+01
6.663416666666671517e+01
6.463416666666671517e+01
7.263416666666671517e+01
9.263416666666671517e+01
1.016341666666667152e+02
9.763416666666671517e+01
8.063416666666671517e+01
7.563416666666671517e+01
8.963416666666671517e+01
1.086341666666667152e+02
1.156341666666667152e+02
1.066341666666667152e+02
1.016341666666667152e+02
9.863416666666671517e+01
9.763416666666671517e+01
9.563416666666671517e+01
1.006341666666667152e+02
9.763416666666671517e+01
9.163416666666671517e+01
8.563416666666671517e+01
8.063416666666671517e+01
7.363416666666671517e+01
6.963416666666671517e+01
7.263416666666671517e+01
8.063416666666671517e+01
8.063416666666671517e+01
7.363416666666671517e+01
5.463416666666671517e+01
3.363416666666671517e+01
1.963416666666671517e+01
2.363416666666671517e+01
3.563416666666671517e+01
3.763416666666671517e+01
3.563416666666671517e+01
2.663416666666671517e+01
1.563416666666671517e+01
1.863416666666671517e+01
2.563416666666671517e+01
2.863416666666671517e+01
1.763416666666671517e+01
6.341666666667151731e-01
-1.036583333333328483e+01
-1.336583333333328483e+01
-7.365833333333284827e+00
-3.365833333333284827e+00
1.634166666666715173e+00
-5.365833333333284827e+00
-1.636583333333328483e+01
-1.836583333333328483e+01
-5.365833333333284827e+00
2.634166666666715173e+00
-3.365833333333284827e+00
-1.636583333333328483e+01
-2.636583333333328483e+01
-3.136583333333328483e+01
-2.236583333333328483e+01
-1.836583333333328483e+01
-1.436583333333328483e+01
-1.936583333333328483e+01
-2.436583333333328483e+01
-2.736583333333328483e+01
-2.336583333333328483e+01
-1.936583333333328483e+01
-1.636583333333328483e+01
-1.236583333333328483e+01
-1.236583333333328483e+01
-1.836583333333328483e+01
-1.936583333333328483e+01
-1.736583333333328483e+01
-1.336583333333328483e+01
-1.136583333333328483e+01
-1.736583333333328483e+01
-1.936583333333328483e+01
-1.636583333333328483e+01
-2.036583333333328483e+01
-1.436583333333328483e+01
-9.365833333333284827e+00
-1.036583333333328483e+01
-1.536583333333328483e+01
-1.836583333333328483e+01
-1.136583333333328483e+01
-8.365833333333284827e+00
-1.336583333333328483e+01
-1.236583333333328483e+01
-5.365833333333284827e+00
-1.365833333333284827e+00
-5.365833333333284827e+00
-7.365833333333284827e+00
-1.036583333333328483e+01
-8.365833333333284827e+00
-1.336583333333328483e+01
-1.436583333333328483e+01
-9.365833333333284827e+00
-2.365833333333284827e+00
1.634166666666715173e+00
-1.365833333333284827e+00
-5.365833333333284827e+00
-1.336583333333328483e+01
-1.536583333333328483e+01
-1.736583333333328483e+01
-1.636583333333328483e+01
-1.436583333333328483e+01
-8.365833333333284827e+00
-5.365833333333284827e+00
6.341666666667151731e-01
2.634166666666715173e+00
-1.365833333333284827e+00
-8.365833333333284827e+00
-1.936583333333328483e+01
-2.036583333333328483e+01
-1.636583333333328483e+01
-1.536583333333328483e+01
-1.936583333333328483e+01
-1.336583333333328483e+01
-5.365833333333284827e+00
-1.365833333333284827e+00
-1.336583333333328483e+01
-1.836583333333328483e+01
-1.936583333333328483e+01
-1.636583333333328483e+01
-1.736583333333328483e+01
-1.036583333333328483e+01
-5.365833333333284827e+00
-3.365833333333284827e+00
-1.336583333333328483e+01
-2.636583333333328483e+01
-3.036583333333328483e+01
-3.436583333333328483e+01
-3.236583333333328483e+01
-2.536583333333328483e+01
-1.136583333333328483e+01
6.341666666667151731e-01
-6.365833333333284827e+00
-2.136583333333328483e+01
-3.236583333333328483e+01
-2.936583333333328483e+01
-2.436583333333328483e+01
-2.336583333333328483e+01
-2.436583333333328483e+01
-2.936583333333328483e+01
-3.136583333333328483e+01
-2.636583333333328483e+01
-2.236583333333328483e+01
-2.136583333333328483e+01
-2.036583333333328483e+01
-2.436583333333328483e+01
-3.036583333333328483e+01
-3.636583333333328483e+01
-3.336583333333328483e+01
-2.236583333333328483e+01
-1.536583333333328483e+01
-2.036583333333328483e+01
-2.536583333333328483e+01
-2.436583333333328483e+01
-1.436583333333328483e+01
-1.136583333333328483e+01
-2.636583333333328483e+01
-4.236583333333328483e+01
-4.536583333333328483e+01
-3.236583333333328483e+01
-1.836583333333328483e+01
-1.936583333333328483e+01
-2.036583333333328483e+01
-1.836583333333328483e+01
-1.536583333333328483e+01
-1.436583333333328483e+01
-1.936583333333328483e+01
-2.936583333333328483e+01
-3.136583333333328483e+01
-2.936583333333328483e+01
-2.236583333333328483e+01
-1.736583333333328483e+01
-2.136583333333328483e+01
-3.036583333333328483e+01
-3.936583333333328483e+01
-3.236583333333328483e+01
-2.436583333333328483e+01
-2.136583333333328483e+01
-2.636583333333328483e+01
-2.836583333333328483e+01
-1.836583333333328483e+01
-1.036583333333328483e+01
-1.336583333333328483e+01
-2.136583333333328483e+01
-2.836583333333328483e+01
-2.536583333333328483e+01
-2.436583333333328483e+01
-3.636583333333328483e+01
-4.736583333333328483e+01
-4.036583333333328483e+01
-2.536583333333328483e+01
-1.536583333333328483e+01
-2.036583333333328483e+01
-2.436583333333328483e+01
-2.436583333333328483e+01
-2.136583333333328483e+01
-2.236583333333328483e+01
-2.536583333333328483e+01
-2.336583333333328483e+01
-2.136583333333328483e+01
-1.036583333333328483e+01
-7.365833333333284827e+00
-1.536583333333328483e+01
-2.536583333333328483e+01
-2.636583333333328483e+01
-1.436583333333328483e+01
-2.365833333333284827e+00
2.634166666666715173e+00
-3.365833333333284827e+00
-7.365833333333284827e+00
-3.658333333332848269e-01
1.063416666666671517e+01
1.863416666666671517e+01
1.863416666666671517e+01
1.963416666666671517e+01
2.563416666666671517e+01
3.463416666666671517e+01
4.463416666666671517e+01
5.363416666666671517e+01
5.963416666666671517e+01
5.863416666666671517e+01
5.263416666666671517e+01
4.963416666666671517e+01
5.263416666666671517e+01
5.563416666666671517e+01
5.763416666666671517e+01
5.063416666666671517e+01
3.863416666666671517e+01
1.763416666666671517e+01
7.634166666666715173e+00
-1.365833333333284827e+00
-6.365833333333284827e+00
-1.236583333333328483e+01
-1.036583333333328483e+01
-8.365833333333284827e+00
-1.136583333333328483e+01
-1.336583333333328483e+01
-1.636583333333328483e+01
-2.236583333333328483e+01
-2.736583333333328483e+01
-2.636583333333328483e+01
-1.836583333333328483e+01
-2.036583333333328483e+01
-2.036583333333328483e+01
-1.736583333333328483e+01
-2.336583333333328483e+01
-3.136583333333328483e+01
-3.336583333333328483e+01
-3.036583333333328483e+01
-2.836583333333328483e+01
-3.636583333333328483e+01
-3.736583333333328483e+01
-3.136583333333328483e+01
-1.436583333333328483e+01
2.363416666666671517e+01
1.016341666666667152e+02
2.026341666666667152e+02
3.026341666666667152e+02
3.746341666666667152e+02
4.326341666666667152e+02
4.696341666666667152e+02
4.886341666666667152e+02
4.846341666666667152e+02
4.656341666666667152e+02
4.236341666666667152e+02
3.486341666666667152e+02
2.346341666666667152e+02
1.066341666666667152e+02
-2.136583333333328483e+01
-1.113658333333332848e+02
-7.636583333333328483e+01
-3.336583333333328483e+01
-1.836583333333328483e+01
-2.636583333333328483e+01
-3.436583333333328483e+01
-3.436583333333328483e+01
-3.036583333333328483e+01
-2.236583333333328483e+01
-2.136583333333328483e+01
-2.536583333333328483e+01
-3.736583333333328483e+01
-4.636583333333328483e+01
-4.836583333333328483e+01
-4.336583333333328483e+01
-3.136583333333328483e+01
-3.336583333333328483e+01
-4.236583333333328483e+01
-4.436583333333328483e+01
-4.436583333333328483e+01
-3.836583333333328483e+01
-3.036583333333328483e+01
-2.636583333333328483e+01
-3.136583333333328483e+01
-3.536583333333328483e+01
-3.736583333333328483e+01
-3.436583333333328483e+01
-2.736583333333328483e+01
-2.236583333333328483e+01
-2.536583333333328483e+01
-2.836583333333328483e+01
-3.436583333333328483e+01
-3.636583333333328483e+01
-3.136583333333328483e+01
-2.236583333333328483e+01
-2.336583333333328483e+01
-2.836583333333328483e+01
-2.636583333333328483e+01
-2.236583333333328483e+01
-3.036583333333328483e+01
-4.636583333333328483e+01
-5.436583333333328483e+01
-4.536583333333328483e+01
-3.136583333333328483e+01
-2.136583333333328483e+01
-2.136583333333328483e+01
-1.436583333333328483e+01
-1.136583333333328483e+01
-1.336583333333328483e+01
-2.136583333333328483e+01
-2.236583333333328483e+01
-1.636583333333328483e+01
4.634166666666715173e+00
6.634166666666715173e+00
-1.236583333333328483e+01
-3.636583333333328483e+01
-4.436583333333328483e+01
-2.636583333333328483e+01
-8.365833333333284827e+00
5.634166666666715173e+00
6.634166666666715173e+00
-2.365833333333284827e+00
-1.336583333333328483e+01
-1.136583333333328483e+01
6.341666666667151731e-01
8.634166666666715173e+00
5.634166666666715173e+00
2.634166666666715173e+00
9.634166666666715173e+00
2.263416666666671517e+01
3.263416666666671517e+01
2.563416666666671517e+01
1.463416666666671517e+01
1.163416666666671517e+01
5.634166666666715173e+00
1.363416666666671517e+01
3.063416666666671517e+01
4.063416666666671517e+01
4.663416666666671517e+01
4.863416666666671517e+01
5.563416666666671517e+01
6.463416666666671517e+01
6.863416666666671517e+01
6.763416666666671517e+01
6.663416666666671517e+01
6.363416666666671517e+01
6.163416666666671517e+01
6.563416666666671517e+01
7.163416666666671517e+01
7.763416666666671517e+01
8.963416666666671517e+01
1.006341666666667152e+02
1.036341666666667152e+02
1.036341666666667152e+02
1.026341666666667152e+02
9.563416666666671517e+01
9.063416666666671517e+01
9.763416666666671517e+01
1.076341666666667152e+02
1.106341666666667152e+02
1.106341666666667152e+02
9.763416666666671517e+01
8.263416666666671517e+01
7.663416666666671517e+01
7.963416666666671517e+01
8.363416666666671517e+01
8.463416666666671517e+01
7.863416666666671517e+01
6.963416666666671517e+01
5.963416666666671517e+01
5.663416666666671517e+01
5.363416666666671517e+01
5.263416666666671517e+01
5.263416666666671517e+01
5.663416666666671517e+01
5.763416666666671517e+01
5.463416666666671517e+01
4.663416666666671517e+01
3.663416666666671517e+01
2.363416666666671517e+01
1.163416666666671517e+01
2.634166666666715173e+00
7.634166666666715173e+00
1.063416666666671517e+01
1.863416666666671517e+01
1.963416666666671517e+01
1.563416666666671517e+01
9.634166666666715173e+00
4.634166666666715173e+00
-1.365833333333284827e+00
-8.365833333333284827e+00
-7.365833333333284827e+00
2.634166666666715173e+00
1.263416666666671517e+01
1.363416666666671517e+01
6.634166666666715173e+00
-1.036583333333328483e+01
-2.336583333333328483e+01
-2.636583333333328483e+01
-1.536583333333328483e+01
-1.365833333333284827e+00
3.634166666666715173e+00
5.634166666666715173e+00
6.634166666666715173e+00
4.634166666666715173e+00
-4.365833333333284827e+00
-6.365833333333284827e+00
-4.365833333333284827e+00
6.341666666667151731e-01
1.634166666666715173e+00
-3.365833333333284827e+00
-8.365833333333284827e+00
-6.365833333333284827e+00
-4.365833333333284827e+00
1.634166666666715173e+00
5.634166666666715173e+00
7.634166666666715173e+00
4.634166666666715173e+00
-5.365833333333284827e+00
-1.365833333333284827e+00
1.263416666666671517e+01
2.063416666666671517e+01
1.763416666666671517e+01
7.634166666666715173e+00
1.163416666666671517e+01
1.363416666666671517e+01
1.063416666666671517e+01
1.634166666666715173e+00
-2.365833333333284827e+00
-2.365833333333284827e+00
3.634166666666715173e+00
1.863416666666671517e+01
2.463416666666671517e+01
1.763416666666671517e+01
9.634166666666715173e+00
1.063416666666671517e+01
1.763416666666671517e+01
2.663416666666671517e+01
2.763416666666671517e+01
2.063416666666671517e+01
1.163416666666671517e+01
-5.365833333333284827e+00
-2.365833333333284827e+00
1.463416666666671517e+01
2.763416666666671517e+01
2.763416666666671517e+01
1.763416666666671517e+01
6.634166666666715173e+00
5.634166666666715173e+00
1.163416666666671517e+01
5.634166666666715173e+00
-1.036583333333328483e+01
-1.636583333333328483e+01
-1.036583333333328483e+01
-1.365833333333284827e+00
4.634166666666715173e+00
7.634166666666715173e+00
1.363416666666671517e+01
1.763416666666671517e+01
1.363416666666671517e+01
1.634166666666715173e+00
-5.365833333333284827e+00
1.634166666666715173e+00
9.634166666666715173e+00
-3.658333333332848269e-01
-1.536583333333328483e+01
-1.636583333333328483e+01
-1.936583333333328483e+01
-2.036583333333328483e+01
-1.536583333333328483e+01
-7.365833333333284827e+00
-3.365833333333284827e+00
-8.365833333333284827e+00
-1.736583333333328483e+01
-1.936583333333328483e+01
-1.736583333333328483e+01
-1.136583333333328483e+01
-7.365833333333284827e+00
-4.365833333333284827e+00
-1.365833333333284827e+00
-1.365833333333284827e+00
-1.365833333333284827e+00
-5.365833333333284827e+00
-7.365833333333284827e+00
-4.365833333333284827e+00
-1.036583333333328483e+01
-1.136583333333328483e+01
-7.365833333333284827e+00
-6.365833333333284827e+00
-1.436583333333328483e+01
-1.736583333333328483e+01
-1.036583333333328483e+01
-1.436583333333328483e+01
-1.436583333333328483e+01
-1.636583333333328483e+01
-1.636583333333328483e+01
-7.365833333333284827e+00
4.634166666666715173e+00
8.634166666666715173e+00
1.634166666666715173e+00
-8.365833333333284827e+00
-2.236583333333328483e+01
-2.436583333333328483e+01
-7.365833333333284827e+00
4.634166666666715173e+00
5.634166666666715173e+00
-8.365833333333284827e+00
-2.036583333333328483e+01
-2.036583333333328483e+01
-6.365833333333284827e+00
5.634166666666715173e+00
8.634166666666715173e+00
-3.658333333332848269e-01
5.634166666666715173e+00
1.163416666666671517e+01
7.634166666666715173e+00
-4.365833333333284827e+00
-2.836583333333328483e+01
-3.636583333333328483e+01
-2.336583333333328483e+01
-5.365833333333284827e+00
4.634166666666715173e+00
1.634166666666715173e+00
2.634166666666715173e+00
5.634166666666715173e+00
7.634166666666715173e+00
5.634166666666715173e+00
1.634166666666715173e+00
2.634166666666715173e+00
1.363416666666671517e+01
5.634166666666715173e+00
-9.365833333333284827e+00
-1.736583333333328483e+01
-6.365833333333284827e+00
1.463416666666671517e+01
3.063416666666671517e+01
3.263416666666671517e+01
2.563416666666671517e+01
2.763416666666671517e+01
3.963416666666671517e+01
6.063416666666671517e+01
7.063416666666671517e+01
7.263416666666671517e+01
6.363416666666671517e+01
5.963416666666671517e+01
7.463416666666671517e+01
8.463416666666671517e+01
8.463416666666671517e+01
7.663416666666671517e+01
7.463416666666671517e+01
7.863416666666671517e+01
8.163416666666671517e+01
8.363416666666671517e+01
7.263416666666671517e+01
5.163416666666671517e+01
2.363416666666671517e+01
2.634166666666715173e+00
1.263416666666671517e+01
2.863416666666671517e+01
2.563416666666671517e+01
4.634166666666715173e+00
-4.365833333333284827e+00
6.634166666666715173e+00
2.063416666666671517e+01
2.563416666666671517e+01
9.634166666666715173e+00
-1.136583333333328483e+01
-1.736583333333328483e+01
-2.365833333333284827e+00
1.363416666666671517e+01
1.263416666666671517e+01
2.634166666666715173e+00
-9.365833333333284827e+00
-1.536583333333328483e+01
-2.236583333333328483e+01
-2.336583333333328483e+01
-2.736583333333328483e+01
-1.436583333333328483e+01
2.463416666666671517e+01
1.006341666666667152e+02
2.096341666666667152e+02
3.176341666666667152e+02
3.936341666666667152e+02
4.446341666666667152e+02
4.696341666666667152e+02
4.766341666666667152e+02
4.706341666666667152e+02
4.406341666666667152e+02
3.706341666666667152e+02
2.546341666666667152e+02
1.266341666666667152e+02
-1.365833333333284827e+00
-6.336583333333328483e+01
-4.536583333333328483e+01
-1.036583333333328483e+01
1.263416666666671517e+01
1.463416666666671517e+01
8.634166666666715173e+00
-1.365833333333284827e+00
-7.365833333333284827e+00
-1.236583333333328483e+01
-1.136583333333328483e+01
-9.365833333333284827e+00
-1.936583333333328483e+01
-2.436583333333328483e+01
-1.836583333333328483e+01
-7.365833333333284827e+00
-2.365833333333284827e+00
-2.365833333333284827e+00
-1.336583333333328483e+01
-2.036583333333328483e+01
-2.136583333333328483e+01
-1.636583333333328483e+01
-5.365833333333284827e+00
-1.036583333333328483e+01
-1.436583333333328483e+01
-1.936583333333328483e+01
-2.436583333333328483e+01
-2.736583333333328483e+01
-2.536583333333328483e+01
-2.636583333333328483e+01
-2.536583333333328483e+01
-2.336583333333328483e+01
-1.736583333333328483e+01
-1.336583333333328483e+01
-1.236583333333328483e+01
-1.136583333333328483e+01
-9.365833333333284827e+00
-1.036583333333328483e+01
-1.536583333333328483e+01
-6.365833333333284827e+00
6.634166666666715173e+00
7.634166666666715173e+00
6.341666666667151731e-01
-6.365833333333284827e+00
-3.658333333332848269e-01
5.634166666666715173e+00
6.341666666667151731e-01
-3.658333333332848269e-01
1.634166666666715173e+00
8.634166666666715173e+00
9.634166666666715173e+00
7.634166666666715173e+00
8.634166666666715173e+00
1.263416666666671517e+01
1.463416666666671517e+01
6.634166666666715173e+00
6.341666666667151731e-01
2.634166666666715173e+00
5.634166666666715173e+00
6.634166666666715173e+00
1.363416666666671517e+01
2.063416666666671517e+01
2.563416666666671517e+01
3.263416666666671517e+01
3.863416666666671517e+01
3.463416666666671517e+01
2.963416666666671517e+01
2.063416666666671517e+01
1.463416666666671517e+01
1.763416666666671517e+01
3.563416666666671517e+01
5.063416666666671517e+01
4.863416666666671517e+01
4.263416666666671517e+01
4.863416666666671517e+01
5.863416666666671517e+01
6.363416666666671517e+01
6.363416666666671517e+01
6.463416666666671517e+01
6.963416666666671517e+01
6.663416666666671517e+01
6.863416666666671517e+01
7.363416666666671517e+01
8.963416666666671517e+01
9.963416666666671517e+01
1.076341666666667152e+02
1.096341666666667152e+02
1.046341666666667152e+02
1.016341666666667152e+02
1.106341666666667152e+02
1.226341666666667152e+02
1.296341666666667152e+02
1.186341666666667152e+02
9.563416666666671517e+01
7.963416666666671517e+01
8.563416666666671517e+01
1.076341666666667152e+02
1.146341666666667152e+02
1.166341666666667152e+02
1.136341666666667152e+02
1.116341666666667152e+02
1.036341666666667152e+02
9.463416666666671517e+01
9.063416666666671517e+01
8.863416666666671517e+01
8.163416666666671517e+01
7.263416666666671517e+01
6.463416666666671517e+01
5.763416666666671517e+01
5.263416666666671517e+01
4.963416666666671517e+01
5.063416666666671517e+01
5.163416666666671517e+01
4.963416666666671517e+01
5.063416666666671517e+01
4.663416666666671517e+01
3.963416666666671517e+01
3.763416666666671517e+01
3.663416666666671517e+01
3.163416666666671517e+01
2.763416666666671517e+01
2.763416666666671517e+01
3.363416666666671517e+01
3.663416666666671517e+01
3.463416666666671517e+01
2.663416666666671517e+01
3.163416666666671517e+01
3.663416666666671517e+01
3.463416666666671517e+01
2.563416666666671517e+01
1.663416666666671517e+01
1.963416666666671517e+01
2.363416666666671517e+01
2.063416666666671517e+01
2.063416666666671517e+01
2.463416666666671517e+01
2.563416666666671517e+01
1.563416666666671517e+01
1.634166666666715173e+00
4.634166666666715173e+00
1.363416666666671517e+01
1.263416666666671517e+01
9.634166666666715173e+00
9.634166666666715173e+00
1.463416666666671517e+01
1.863416666666671517e+01
1.863416666666671517e+01
1.263416666666671517e+01
5.634166666666715173e+00
7.634166666666715173e+00
2.063416666666671517e+01
2.963416666666671517e+01
3.363416666666671517e+01
3.363416666666671517e+01
2.663416666666671517e+01
1.663416666666671517e+01
8.634166666666715173e+00
-1.365833333333284827e+00
1.634166666666715173e+00
1.863416666666671517e+01
3.063416666666671517e+01
3.063416666666671517e+01
2.563416666666671517e+01
3.063416666666671517e+01
3.663416666666671517e+01
3.263416666666671517e+01
2.563416666666671517e+01
2.563416666666671517e+01
2.963416666666671517e+01
3.563416666666671517e+01
2.763416666666671517e+01
9.634166666666715173e+00
-5.365833333333284827e+00
6.341666666667151731e-01
1.463416666666671517e+01
1.663416666666671517e+01
1.563416666666671517e+01
2.363416666666671517e+01
2.663416666666671517e+01
2.463416666666671517e+01
1.863416666666671517e+01
1.963416666666671517e+01
2.463416666666671517e+01
1.563416666666671517e+01
6.634166666666715173e+00
7.634166666666715173e+00
1.863416666666671517e+01
2.763416666666671517e+01
2.963416666666671517e+01
2.563416666666671517e+01
1.063416666666671517e+01
-3.365833333333284827e+00
-8.365833333333284827e+00
-8.365833333333284827e+00
-1.136583333333328483e+01
-9.365833333333284827e+00
-6.365833333333284827e+00
-8.365833333333284827e+00
-1.336583333333328483e+01
-6.365833333333284827e+00
-7.365833333333284827e+00
-1.536583333333328483e+01
-1.836583333333328483e+01
-1.336583333333328483e+01
-5.365833333333284827e+00
-7.365833333333284827e+00
-1.336583333333328483e+01
-2.336583333333328483e+01
-2.736583333333328483e+01
-1.736583333333328483e+01
-1.436583333333328483e+01
-1.236583333333328483e+01
-9.365833333333284827e+00
-2.365833333333284827e+00
-1.365833333333284827e+00
-6.365833333333284827e+00
-1.236583333333328483e+01
-1.936583333333328483e+01
-3.136583333333328483e+01
-3.036583333333328483e+01
-2.436583333333328483e+01
-1.436583333333328483e+01
-2.436583333333328483e+01
-3.036583333333328483e+01
-2.936583333333328483e+01
-1.636583333333328483e+01
-7.365833333333284827e+00
-1.336583333333328483e+01
-2.736583333333328483e+01
-4.036583333333328483e+01
-4.136583333333328483e+01
-2.536583333333328483e+01
-2.036583333333328483e+01
-2.136583333333328483e+01
-2.836583333333328483e+01
-2.936583333333328483e+01
-2.736583333333328483e+01
-2.336583333333328483e+01
-2.536583333333328483e+01
-2.636583333333328483e+01
-2.336583333333328483e+01
-2.536583333333328483e+01
-3.536583333333328483e+01
-4.636583333333328483e+01
-4.236583333333328483e+01
-3.336583333333328483e+01
-2.936583333333328483e+01
-2.736583333333328483e+01
-2.336583333333328483e+01
-2.236583333333328483e+01
-3.036583333333328483e+01
-3.336583333333328483e+01
-3.236583333333328483e+01
-2.636583333333328483e+01
-1.836583333333328483e+01
-1.436583333333328483e+01
-8.365833333333284827e+00
-7.365833333333284827e+00
-7.365833333333284827e+00
6.341666666667151731e-01
7.634166666666715173e+00
1.563416666666671517e+01
2.363416666666671517e+01
3.263416666666671517e+01
3.563416666666671517e+01
3.863416666666671517e+01
4.063416666666671517e+01
4.263416666666671517e+01
4.563416666666671517e+01
4.063416666666671517e+01
3.563416666666671517e+01
3.463416666666671517e+01
3.163416666666671517e+01
2.663416666666671517e+01
1.263416666666671517e+01
2.634166666666715173e+00
-1.036583333333328483e+01
-1.436583333333328483e+01
-1.636583333333328483e+01
-1.736583333333328483e+01
-1.336583333333328483e+01
-1.236583333333328483e+01
-1.636583333333328483e+01
-2.936583333333328483e+01
-4.336583333333328483e+01
-4.636583333333328483e+01
-4.136583333333328483e+01
-4.036583333333328483e+01
-4.136583333333328483e+01
-4.236583333333328483e+01
-4.136583333333328483e+01
-4.136583333333328483e+01
-4.136583333333328483e+01
-4.136583333333328483e+01
-4.836583333333328483e+01
-5.736583333333328483e+01
-5.436583333333328483e+01
-1.936583333333328483e+01
4.263416666666671517e+01
1.306341666666667152e+02
2.366341666666667152e+02
3.346341666666667152e+02
3.996341666666667152e+02
4.276341666666667152e+02
4.366341666666667152e+02
4.276341666666667152e+02
3.986341666666667152e+02
3.296341666666667152e+02
2.116341666666667152e+02
8.363416666666671517e+01
-4.436583333333328483e+01
-1.393658333333332848e+02
-1.093658333333332848e+02
-7.336583333333328483e+01
-6.536583333333328483e+01
-7.336583333333328483e+01
-8.136583333333328483e+01
-8.236583333333328483e+01
-8.236583333333328483e+01
-8.136583333333328483e+01
-7.836583333333328483e+01
-7.136583333333328483e+01
-7.136583333333328483e+01
-7.236583333333328483e+01
-7.836583333333328483e+01
-8.136583333333328483e+01
-7.936583333333328483e+01
-7.136583333333328483e+01
-7.236583333333328483e+01
-8.336583333333328483e+01
-8.736583333333328483e+01
-9.136583333333328483e+01
-8.936583333333328483e+01
-8.336583333333328483e+01
-7.736583333333328483e+01
-7.836583333333328483e+01
-7.836583333333328483e+01
-7.636583333333328483e+01
-7.236583333333328483e+01
-6.836583333333328483e+01
-7.336583333333328483e+01
-8.236583333333328483e+01
-8.236583333333328483e+01
-7.936583333333328483e+01
-7.836583333333328483e+01
-7.936583333333328483e+01
-7.436583333333328483e+01
-6.736583333333328483e+01
-6.636583333333328483e+01
-6.536583333333328483e+01
-6.936583333333328483e+01
-7.536583333333328483e+01
-7.936583333333328483e+01
-7.936583333333328483e+01
-8.236583333333328483e+01
-7.936583333333328483e+01
-7.136583333333328483e+01
-6.536583333333328483e+01
-6.336583333333328483e+01
-6.436583333333328483e+01
-6.536583333333328483e+01
-6.236583333333328483e+01
-5.836583333333328483e+01
-5.136583333333328483e+01
-4.836583333333328483e+01
-4.536583333333328483e+01
-4.536583333333328483e+01
-4.436583333333328483e+01
-4.236583333333328483e+01
-4.236583333333328483e+01
-4.536583333333328483e+01
-4.636583333333328483e+01
-4.436583333333328483e+01
-3.836583333333328483e+01
-2.836583333333328483e+01
-2.336583333333328483e+01
-2.336583333333328483e+01
-2.436583333333328483e+01
-2.536583333333328483e+01
-2.236583333333328483e+01
-1.836583333333328483e+01
-1.136583333333328483e+01
-1.365833333333284827e+00
9.634166666666715173e+00
1.063416666666671517e+01
7.634166666666715173e+00
4.634166666666715173e+00
3.634166666666715173e+00
7.634166666666715173e+00
2.163416666666671517e+01
3.163416666666671517e+01
3.663416666666671517e+01
3.763416666666671517e+01
4.163416666666671517e+01
4.463416666666671517e+01
4.963416666666671517e+01
5.163416666666671517e+01
5.063416666666671517e+01
5.263416666666671517e+01
5.963416666666671517e+01
6.063416666666671517e+01
5.563416666666671517e+01
4.663416666666671517e+01
4.863416666666671517e+01
5.263416666666671517e+01
5.263416666666671517e+01
4.563416666666671517e+01
3.763416666666671517e+01
3.063416666666671517e+01
2.863416666666671517e+01
3.263416666666671517e+01
3.263416666666671517e+01
3.063416666666671517e+01
1.963416666666671517e+01
2.634166666666715173e+00
-8.365833333333284827e+00
-1.036583333333328483e+01
-1.136583333333328483e+01
-9.365833333333284827e+00
-9.365833333333284827e+00
-1.236583333333328483e+01
-1.736583333333328483e+01
-3.136583333333328483e+01
-3.836583333333328483e+01
-4.036583333333328483e+01
-3.436583333333328483e+01
-3.236583333333328483e+01
-3.036583333333328483e+01
-2.936583333333328483e+01
-3.536583333333328483e+01
-4.436583333333328483e+01
-5.436583333333328483e+01
-5.536583333333328483e+01
-5.036583333333328483e+01
-4.436583333333328483e+01
-4.136583333333328483e+01
-4.536583333333328483e+01
-4.836583333333328483e+01
-4.436583333333328483e+01
-4.036583333333328483e+01
-4.136583333333328483e+01
-4.836583333333328483e+01
-5.036583333333328483e+01
-4.336583333333328483e+01
-4.436583333333328483e+01
-5.236583333333328483e+01
-5.636583333333328483e+01
-4.836583333333328483e+01
-3.736583333333328483e+01
-3.536583333333328483e+01
-4.036583333333328483e+01
-4.936583333333328483e+01
-5.436583333333328483e+01
-4.736583333333328483e+01
-3.936583333333328483e+01
-3.636583333333328483e+01
-3.436583333333328483e+01
-3.236583333333328483e+01
-2.736583333333328483e+01
-2.536583333333328483e+01
-2.736583333333328483e+01
-2.936583333333328483e+01
-2.936583333333328483e+01
-2.136583333333328483e+01
-1.436583333333328483e+01
-9.365833333333284827e+00
-1.436583333333328483e+01
-2.036583333333328483e+01
-2.636583333333328483e+01
-2.736583333333328483e+01
-2.336583333333328483e+01
-1.436583333333328483e+01
-1.736583333333328483e+01
-2.136583333333328483e+01
-2.536583333333328483e+01
-2.236583333333328483e+01
-1.436583333333328483e+01
-7.365833333333284827e+00
-1.036583333333328483e+01
-2.436583333333328483e+01
-4.336583333333328483e+01
-5.036583333333328483e+01
-3.936583333333328483e+01
-2.836583333333328483e+01
-2.636583333333328483e+01
-2.836583333333328483e+01
-3.236583333333328483e+01
-3.636583333333328483e+01
-3.636583333333328483e+01
-4.036583333333328483e+01
-3.936583333333328483e+01
-3.936583333333328483e+01
-4.336583333333328483e+01
-4.436583333333328483e+01
-4.536583333333328483e+01
-3.736583333333328483e+01
-3.736583333333328483e+01
-3.736583333333328483e+01
-3.736583333333328483e+01
-3.736583333333328483e+01
-2.936583333333328483e+01
-2.136583333333328483e+01
-2.236583333333328483e+01
-3.136583333333328483e+01
-4.736583333333328483e+01
-5.136583333333328483e+01
-4.936583333333328483e+01
-4.036583333333328483e+01
-4.036583333333328483e+01
-4.136583333333328483e+01
-4.136583333333328483e+01
-4.236583333333328483e+01
-3.736583333333328483e+01
-3.536583333333328483e+01
-3.336583333333328483e+01
-3.536583333333328483e+01
-3.636583333333328483e+01
-3.336583333333328483e+01
-3.036583333333328483e+01
-2.636583333333328483e+01
-2.836583333333328483e+01
-3.536583333333328483e+01
-4.036583333333328483e+01
-3.636583333333328483e+01
-3.136583333333328483e+01
-2.636583333333328483e+01
-3.036583333333328483e+01
-3.136583333333328483e+01
-3.336583333333328483e+01
-3.436583333333328483e+01
-3.936583333333328483e+01
-3.836583333333328483e+01
-3.436583333333328483e+01
-3.236583333333328483e+01
-3.636583333333328483e+01
-4.236583333333328483e+01
-4.036583333333328483e+01
-4.036583333333328483e+01
-3.836583333333328483e+01
-3.736583333333328483e+01
-3.036583333333328483e+01
-2.336583333333328483e+01
-1.836583333333328483e+01
-1.636583333333328483e+01
-2.136583333333328483e+01
-2.736583333333328483e+01
-3.136583333333328483e+01
-2.036583333333328483e+01
-7.365833333333284827e+00
1.634166666666715173e+00
6.634166666666715173e+00
4.634166666666715173e+00
6.634166666666715173e+00
1.963416666666671517e+01
3.163416666666671517e+01
3.663416666666671517e+01
3.363416666666671517e+01
3.063416666666671517e+01
3.063416666666671517e+01
2.663416666666671517e+01
2.963416666666671517e+01
2.463416666666671517e+01
1.663416666666671517e+01
7.634166666666715173e+00
-3.365833333333284827e+00
-6.365833333333284827e+00
-5.365833333333284827e+00
-1.036583333333328483e+01
-2.036583333333328483e+01
-2.936583333333328483e+01
-3.936583333333328483e+01
-4.136583333333328483e+01
-4.036583333333328483e+01
-3.936583333333328483e+01
-3.936583333333328483e+01
-3.836583333333328483e+01
-4.036583333333328483e+01
-4.036583333333328483e+01
-3.836583333333328483e+01
-3.336583333333328483e+01
-3.636583333333328483e+01
-4.136583333333328483e+01
-4.836583333333328483e+01
-5.436583333333328483e+01
-5.736583333333328483e+01
-5.336583333333328483e+01
-3.836583333333328483e+01
-5.365833333333284827e+00
5.763416666666671517e+01
1.446341666666667152e+02
2.486341666666667152e+02
3.416341666666667152e+02
4.046341666666667152e+02
4.356341666666667152e+02
4.446341666666667152e+02
4.416341666666667152e+02
4.166341666666667152e+02
3.596341666666667152e+02
2.536341666666667152e+02
1.256341666666667152e+02
-2.365833333333284827e+00
-1.093658333333332848e+02
-9.936583333333328483e+01
-5.636583333333328483e+01
-4.036583333333328483e+01
-5.636583333333328483e+01
-6.836583333333328483e+01
-6.736583333333328483e+01
-5.536583333333328483e+01
-5.036583333333328483e+01
-5.836583333333328483e+01
-6.236583333333328483e+01
-6.636583333333328483e+01
-6.136583333333328483e+01
-5.136583333333328483e+01
-4.636583333333328483e+01
-4.336583333333328483e+01
-4.836583333333328483e+01
-5.436583333333328483e+01
-5.736583333333328483e+01
-4.836583333333328483e+01
-3.936583333333328483e+01
-3.536583333333328483e+01
-3.736583333333328483e+01
-4.136583333333328483e+01
-4.936583333333328483e+01
-5.236583333333328483e+01
-4.436583333333328483e+01
-4.636583333333328483e+01
-5.536583333333328483e+01
-6.136583333333328483e+01
-6.036583333333328483e+01
-5.236583333333328483e+01
-4.436583333333328483e+01
-4.636583333333328483e+01
-4.236583333333328483e+01
-4.236583333333328483e+01
-4.136583333333328483e+01
-3.936583333333328483e+01
-3.536583333333328483e+01
-3.436583333333328483e+01
-4.036583333333328483e+01
-4.236583333333328483e+01
-4.336583333333328483e+01
-3.636583333333328483e+01
-3.336583333333328483e+01
-3.236583333333328483e+01
-3.736583333333328483e+01
-3.636583333333328483e+01
-3.236583333333328483e+01
-2.636583333333328483e+01
-1.936583333333328483e+01
-2.136583333333328483e+01
-1.936583333333328483e+01
-2.336583333333328483e+01
-2.536583333333328483e+01
-2.136583333333328483e+01
-1.636583333333328483e+01
-1.636583333333328483e+01
-1.336583333333328483e+01
-1.536583333333328483e+01
-1.236583333333328483e+01
-1.136583333333328483e+01
-4.365833333333284827e+00
-3.365833333333284827e+00
-1.365833333333284827e+00
-3.658333333332848269e-01
3.634166666666715173e+00
8.634166666666715173e+00
1.863416666666671517e+01
2.163416666666671517e+01
2.263416666666671517e+01
2.363416666666671517e+01
2.463416666666671517e+01
2.963416666666671517e+01
3.463416666666671517e+01
4.163416666666671517e+01
4.463416666666671517e+01
4.563416666666671517e+01
4.963416666666671517e+01
5.663416666666671517e+01
5.963416666666671517e+01
6.463416666666671517e+01
6.963416666666671517e+01
7.063416666666671517e+01
7.463416666666671517e+01
8.063416666666671517e+01
8.063416666666671517e+01
8.163416666666671517e+01
8.063416666666671517e+01
8.563416666666671517e+01
8.763416666666671517e+01
9.263416666666671517e+01
9.763416666666671517e+01
1.006341666666667152e+02
1.026341666666667152e+02
9.563416666666671517e+01
7.963416666666671517e+01
7.063416666666671517e+01
6.863416666666671517e+01
7.063416666666671517e+01
7.063416666666671517e+01
6.363416666666671517e+01
5.963416666666671517e+01
5.763416666666671517e+01
5.663416666666671517e+01
5.463416666666671517e+01
4.563416666666671517e+01
4.263416666666671517e+01
4.263416666666671517e+01
3.963416666666671517e+01
3.363416666666671517e+01
2.663416666666671517e+01
2.063416666666671517e+01
1.363416666666671517e+01
8.634166666666715173e+00
6.634166666666715173e+00
5.634166666666715173e+00
4.634166666666715173e+00
6.341666666667151731e-01
-6.365833333333284827e+00
-9.365833333333284827e+00
-6.365833333333284827e+00
-2.365833333333284827e+00
-1.365833333333284827e+00
-7.365833333333284827e+00
-1.136583333333328483e+01
-1.036583333333328483e+01
-1.036583333333328483e+01
-7.365833333333284827e+00
-9.365833333333284827e+00
-1.236583333333328483e+01
-1.836583333333328483e+01
-2.236583333333328483e+01
-2.136583333333328483e+01
-1.936583333333328483e+01
-2.136583333333328483e+01
-1.936583333333328483e+01
-2.236583333333328483e+01
-2.036583333333328483e+01
-1.236583333333328483e+01
-6.365833333333284827e+00
-9.365833333333284827e+00
-7.365833333333284827e+00
-7.365833333333284827e+00
-3.365833333333284827e+00
-3.658333333332848269e-01
-3.658333333332848269e-01
2.634166666666715173e+00
-1.365833333333284827e+00
-2.365833333333284827e+00
-1.365833333333284827e+00
-3.658333333332848269e-01
6.341666666667151731e-01
1.634166666666715173e+00
3.634166666666715173e+00
2.634166666666715173e+00
4.634166666666715173e+00
8.634166666666715173e+00
1.263416666666671517e+01
1.063416666666671517e+01
9.634166666666715173e+00
6.341666666667151731e-01
-5.365833333333284827e+00
-3.365833333333284827e+00
9.634166666666715173e+00
1.363416666666671517e+01
1.063416666666671517e+01
6.634166666666715173e+00
9.634166666666715173e+00
8.634166666666715173e+00
1.163416666666671517e+01
1.263416666666671517e+01
9.634166666666715173e+00
2.634166666666715173e+00
6.341666666667151731e-01
5.634166666666715173e+00
9.634166666666715173e+00
1.163416666666671517e+01
7.634166666666715173e+00
-3.365833333333284827e+00
-8.365833333333284827e+00
-6.365833333333284827e+00
-5.365833333333284827e+00
-4.365833333333284827e+00
-7.365833333333284827e+00
-1.036583333333328483e+01
-1.636583333333328483e+01
-9.365833333333284827e+00
-6.365833333333284827e+00
-8.365833333333284827e+00
-1.136583333333328483e+01
-1.236583333333328483e+01
-1.236583333333328483e+01
-1.036583333333328483e+01
-9.365833333333284827e+00
-7.365833333333284827e+00
-1.136583333333328483e+01
-1.936583333333328483e+01
-2.036583333333328483e+01
-2.136583333333328483e+01
-2.036583333333328483e+01
-1.936583333333328483e+01
-1.836583333333328483e+01
-1.636583333333328483e+01
-1.536583333333328483e+01
-1.836583333333328483e+01
-2.436583333333328483e+01
-2.636583333333328483e+01
-2.636583333333328483e+01
-2.536583333333328483e+01
-2.236583333333328483e+01
-2.436583333333328483e+01
-2.636583333333328483e+01
-2.636583333333328483e+01
-2.836583333333328483e+01
-3.236583333333328483e+01
-3.136583333333328483e+01
-3.236583333333328483e+01
-2.836583333333328483e+01
-2.636583333333328483e+01
-2.736583333333328483e+01
-3.036583333333328483e+01
-3.136583333333328483e+01
-3.336583333333328483e+01
-2.836583333333328483e+01
-2.936583333333328483e+01
-3.036583333333328483e+01
-3.136583333333328483e+01
-3.036583333333328483e+01
-2.636583333333328483e+01
-2.436583333333328483e+01
-2.636583333333328483e+01
-3.436583333333328483e+01
-3.336583333333328483e+01
-2.936583333333328483e+01
-2.436583333333328483e+01
-2.536583333333328483e+01
-2.836583333333328483e+01
-3.236583333333328483e+01
-3.136583333333328483e+01
-2.736583333333328483e+01
-2.236583333333328483e+01
-1.836583333333328483e+01
-1.336583333333328483e+01
-9.365833333333284827e+00
-7.365833333333284827e+00
-3.365833333333284827e+00
-3.658333333332848269e-01
6.341666666667151731e-01
6.634166666666715173e+00
1.563416666666671517e+01
1.863416666666671517e+01
2.963416666666671517e+01
3.663416666666671517e+01
4.263416666666671517e+01
4.263416666666671517e+01
3.963416666666671517e+01
3.863416666666671517e+01
4.063416666666671517e+01
4.263416666666671517e+01
4.263416666666671517e+01
3.463416666666671517e+01
1.863416666666671517e+01
7.634166666666715173e+00
-2.365833333333284827e+00
-7.365833333333284827e+00
-1.036583333333328483e+01
-1.836583333333328483e+01
-2.736583333333328483e+01
-3.236583333333328483e+01
-3.536583333333328483e+01
-3.836583333333328483e+01
-3.936583333333328483e+01
-4.336583333333328483e+01
-4.336583333333328483e+01
-4.536583333333328483e+01
-4.336583333333328483e+01
-3.636583333333328483e+01
-3.536583333333328483e+01
-3.636583333333328483e+01
-3.736583333333328483e+01
-4.336583333333328483e+01
-4.636583333333328483e+01
-4.936583333333328483e+01
-5.536583333333328483e+01
-7.236583333333328483e+01
-8.536583333333328483e+01
-7.936583333333328483e+01
-4.936583333333328483e+01
1.763416666666671517e+01
1.176341666666667152e+02
2.286341666666667152e+02
3.216341666666667152e+02
3.926341666666667152e+02
4.306341666666667152e+02
4.516341666666667152e+02
4.546341666666667152e+02
4.316341666666667152e+02
3.706341666666667152e+02
2.626341666666667152e+02
1.346341666666667152e+02
6.634166666666715173e+00
-1.203658333333332848e+02
-1.173658333333332848e+02
-8.036583333333328483e+01
-5.836583333333328483e+01
-6.536583333333328483e+01
-6.736583333333328483e+01
-6.636583333333328483e+01
-6.036583333333328483e+01
-5.936583333333328483e+01
-5.936583333333328483e+01
-6.236583333333328483e+01
-7.036583333333328483e+01
-7.336583333333328483e+01
-7.436583333333328483e+01
-7.236583333333328483e+01
-6.736583333333328483e+01
-6.636583333333328483e+01
-6.636583333333328483e+01
-6.236583333333328483e+01
-6.336583333333328483e+01
-6.536583333333328483e+01
-6.936583333333328483e+01
-7.436583333333328483e+01
-7.936583333333328483e+01
-8.336583333333328483e+01
-8.336583333333328483e+01
-8.536583333333328483e+01
-9.036583333333328483e+01
-8.436583333333328483e+01
-7.936583333333328483e+01
-7.036583333333328483e+01
-6.836583333333328483e+01
-6.736583333333328483e+01
-6.836583333333328483e+01
-7.436583333333328483e+01
-7.736583333333328483e+01
-7.536583333333328483e+01
-7.036583333333328483e+01
-7.136583333333328483e+01
-6.836583333333328483e+01
-6.636583333333328483e+01
-6.636583333333328483e+01
-7.236583333333328483e+01
-7.236583333333328483e+01
-7.536583333333328483e+01
-7.236583333333328483e+01
-6.636583333333328483e+01
-6.036583333333328483e+01
-5.736583333333328483e+01
-5.936583333333328483e+01
-6.436583333333328483e+01
-6.836583333333328483e+01
-6.536583333333328483e+01
-6.036583333333328483e+01
-5.736583333333328483e+01
-5.936583333333328483e+01
-5.536583333333328483e+01
-5.836583333333328483e+01
-5.436583333333328483e+01
-4.836583333333328483e+01
-4.536583333333328483e+01
-4.536583333333328483e+01
-4.736583333333328483e+01
-4.236583333333328483e+01
-3.736583333333328483e+01
-3.036583333333328483e+01
-2.136583333333328483e+01
-1.636583333333328483e+01
-1.736583333333328483e+01
-2.936583333333328483e+01
-3.536583333333328483e+01
-3.336583333333328483e+01
-2.536583333333328483e+01
-1.536583333333328483e+01
-1.036583333333328483e+01
-6.365833333333284827e+00
-1.365833333333284827e+00
3.634166666666715173e+00
1.063416666666671517e+01
1.363416666666671517e+01
1.763416666666671517e+01
1.963416666666671517e+01
2.463416666666671517e+01
3.063416666666671517e+01
3.963416666666671517e+01
4.363416666666671517e+01
4.463416666666671517e+01
4.463416666666671517e+01
4.163416666666671517e+01
4.463416666666671517e+01
5.463416666666671517e+01
5.863416666666671517e+01
6.063416666666671517e+01
5.563416666666671517e+01
5.563416666666671517e+01
5.663416666666671517e+01
5.763416666666671517e+01
5.863416666666671517e+01
5.563416666666671517e+01
5.263416666666671517e+01
4.963416666666671517e+01
4.763416666666671517e+01
4.763416666666671517e+01
3.763416666666671517e+01
3.263416666666671517e+01
2.463416666666671517e+01
2.263416666666671517e+01
2.063416666666671517e+01
2.063416666666671517e+01
1.763416666666671517e+01
1.363416666666671517e+01
6.634166666666715173e+00
-1.365833333333284827e+00
-7.365833333333284827e+00
-1.436583333333328483e+01
-2.336583333333328483e+01
-2.736583333333328483e+01
-3.536583333333328483e+01
-3.436583333333328483e+01
-3.036583333333328483e+01
-2.836583333333328483e+01
-3.036583333333328483e+01
-3.236583333333328483e+01
-3.536583333333328483e+01
-3.936583333333328483e+01
-3.936583333333328483e+01
-4.336583333333328483e+01
-4.436583333333328483e+01
-4.736583333333328483e+01
-4.936583333333328483e+01
-4.936583333333328483e+01
-4.836583333333328483e+01
-4.736583333333328483e+01
-4.936583333333328483e+01
-5.136583333333328483e+01
-5.236583333333328483e+01
-5.136583333333328483e+01
-4.736583333333328483e+01
-4.536583333333328483e+01
-4.536583333333328483e+01
-4.836583333333328483e+01
-4.936583333333328483e+01
-5.036583333333328483e+01
-4.936583333333328483e+01
-4.336583333333328483e+01
-4.536583333333328483e+01
-4.336583333333328483e+01
-4.436583333333328483e+01
-4.236583333333328483e+01
-3.836583333333328483e+01
-3.536583333333328483e+01
-3.936583333333328483e+01
-4.036583333333328483e+01
-3.436583333333328483e+01
-3.036583333333328483e+01
-3.136583333333328483e+01
-3.136583333333328483e+01
-3.436583333333328483e+01
-3.636583333333328483e+01
-3.836583333333328483e+01
-4.036583333333328483e+01
-4.236583333333328483e+01
-3.336583333333328483e+01
-2.936583333333328483e+01
-3.136583333333328483e+01
-3.436583333333328483e+01
-3.736583333333328483e+01
-3.436583333333328483e+01
-2.936583333333328483e+01
-2.736583333333328483e+01
-2.736583333333328483e+01
-2.936583333333328483e+01
-3.036583333333328483e+01
-2.936583333333328483e+01
-2.436583333333328483e+01
-2.836583333333328483e+01
-3.136583333333328483e+01
-3.336583333333328483e+01
-3.236583333333328483e+01
-3.436583333333328483e+01
-3.036583333333328483e+01
-3.036583333333328483e+01
-3.536583333333328483e+01
-3.436583333333328483e+01
-3.736583333333328483e+01
-3.936583333333328483e+01
-3.936583333333328483e+01
-3.836583333333328483e+01
-4.136583333333328483e+01
-4.436583333333328483e+01
-4.136583333333328483e+01
-3.436583333333328483e+01
-3.436583333333328483e+01
-4.336583333333328483e+01
-4.936583333333328483e+01
-5.236583333333328483e+01
-5.236583333333328483e+01
-4.436583333333328483e+01
-4.336583333333328483e+01
-4.636583333333328483e+01
-4.736583333333328483e+01
-4.836583333333328483e+01
-4.636583333333328483e+01
-4.236583333333328483e+01
-4.336583333333328483e+01
-4.336583333333328483e+01
-4.836583333333328483e+01
-5.236583333333328483e+01
-5.536583333333328483e+01
-5.336583333333328483e+01
-5.336583333333328483e+01
-5.336583333333328483e+01
-5.236583333333328483e+01
-5.336583333333328483e+01
-5.236583333333328483e+01
-4.936583333333328483e+01
-5.036583333333328483e+01
-4.636583333333328483e+01
-4.836583333333328483e+01
-5.336583333333328483e+01
-5.736583333333328483e+01
-5.636583333333328483e+01
-5.636583333333328483e+01
-5.536583333333328483e+01
-5.236583333333328483e+01
-5.136583333333328483e+01
-4.736583333333328483e+01
-4.836583333333328483e+01
-4.536583333333328483e+01
-4.636583333333328483e+01
-4.636583333333328483e+01
-4.936583333333328483e+01
-4.736583333333328483e+01
-4.036583333333328483e+01
-3.236583333333328483e+01
-2.536583333333328483e+01
-2.636583333333328483e+01
-2.136583333333328483e+01
-1.836583333333328483e+01
-1.136583333333328483e+01
-3.365833333333284827e+00
5.634166666666715173e+00
9.634166666666715173e+00
1.063416666666671517e+01
1.263416666666671517e+01
1.663416666666671517e+01
1.763416666666671517e+01
1.863416666666671517e+01
1.663416666666671517e+01
1.263416666666671517e+01
8.634166666666715173e+00
1.634166666666715173e+00
-5.365833333333284827e+00
-1.136583333333328483e+01
-1.936583333333328483e+01
-2.336583333333328483e+01
-2.536583333333328483e+01
-3.036583333333328483e+01
-3.436583333333328483e+01
-4.036583333333328483e+01
-4.636583333333328483e+01
-5.336583333333328483e+01
-5.636583333333328483e+01
-5.536583333333328483e+01
-5.036583333333328483e+01
-4.636583333333328483e+01
-4.836583333333328483e+01
-5.236583333333328483e+01
-5.636583333333328483e+01
-5.336583333333328483e+01
-4.936583333333328483e+01
-4.936583333333328483e+01
-5.336583333333328483e+01
-6.136583333333328483e+01
-6.836583333333328483e+01
-7.336583333333328483e+01
-7.436583333333328483e+01
-6.836583333333328483e+01
-5.136583333333328483e+01
-2.536583333333328483e+01
3.063416666666671517e+01
1.146341666666667152e+02
2.126341666666667152e+02
3.036341666666667152e+02
3.686341666666667152e+02
4.086341666666667152e+02
4.316341666666667152e+02
4.476341666666667152e+02
4.446341666666667152e+02
4.156341666666667152e+02
3.546341666666667152e+02
2.546341666666667152e+02
1.266341666666667152e+02
-1.365833333333284827e+00
-1.093658333333332848e+02
-1.293658333333332848e+02
-9.736583333333328483e+01
-7.036583333333328483e+01
-6.636583333333328483e+01
-7.236583333333328483e+01
-7.836583333333328483e+01
-7.636583333333328483e+01
-7.036583333333328483e+01
-6.736583333333328483e+01
-6.736583333333328483e+01
-6.536583333333328483e+01
-6.436583333333328483e+01
-6.436583333333328483e+01
-6.636583333333328483e+01
-6.936583333333328483e+01
-6.836583333333328483e+01
-6.536583333333328483e+01
-6.436583333333328483e+01
-6.736583333333328483e+01
-7.036583333333328483e+01
-7.236583333333328483e+01
-6.936583333333328483e+01
-6.736583333333328483e+01
-6.536583333333328483e+01
-6.436583333333328483e+01
-6.836583333333328483e+01
-6.936583333333328483e+01
-7.136583333333328483e+01
-7.036583333333328483e+01
-6.936583333333328483e+01
-6.736583333333328483e+01
-6.936583333333328483e+01
-6.836583333333328483e+01
-7.036583333333328483e+01
-6.536583333333328483e+01
-6.136583333333328483e+01
-6.136583333333328483e+01
-6.236583333333328483e+01
-6.236583333333328483e+01
-6.036583333333328483e+01
-5.836583333333328483e+01
-5.636583333333328483e+01
-5.636583333333328483e+01
-5.736583333333328483e+01
-6.036583333333328483e+01
-5.936583333333328483e+01
-5.836583333333328483e+01
-5.236583333333328483e+01
-5.236583333333328483e+01
-5.136583333333328483e+01
-5.336583333333328483e+01
-5.136583333333328483e+01
-4.936583333333328483e+01
-4.536583333333328483e+01
-4.336583333333328483e+01
-4.336583333333328483e+01
-4.336583333333328483e+01
-4.436583333333328483e+01
-4.036583333333328483e+01
-3.736583333333328483e+01
-3.636583333333328483e+01
-3.836583333333328483e+01
-4.036583333333328483e+01
-3.836583333333328483e+01
-3.736583333333328483e+01
-3.136583333333328483e+01
-2.836583333333328483e+01
-2.436583333333328483e+01
-2.136583333333328483e+01
-2.036583333333328483e+01
-1.236583333333328483e+01
-8.365833333333284827e+00
-7.365833333333284827e+00
-6.365833333333284827e+00
-8.365833333333284827e+00
-7.365833333333284827e+00
-1.365833333333284827e+00
8.634166666666715173e+00
1.063416666666671517e+01
1.363416666666671517e+01
1.363416666666671517e+01
1.263416666666671517e+01
1.863416666666671517e+01
2.663416666666671517e+01
3.463416666666671517e+01
3.763416666666671517e+01
3.763416666666671517e+01
3.963416666666671517e+01
4.363416666666671517e+01
5.163416666666671517e+01
5.763416666666671517e+01
6.063416666666671517e+01
6.263416666666671517e+01
6.663416666666671517e+01
6.963416666666671517e+01
7.163416666666671517e+01
7.163416666666671517e+01
7.063416666666671517e+01
7.063416666666671517e+01
7.363416666666671517e+01
7.563416666666671517e+01
7.763416666666671517e+01
7.663416666666671517e+01
7.463416666666671517e+01
6.963416666666671517e+01
6.463416666666671517e+01
6.363416666666671517e+01
6.763416666666671517e+01
6.263416666666671517e+01
5.063416666666671517e+01
4.063416666666671517e+01
3.863416666666671517e+01
3.663416666666671517e+01
3.463416666666671517e+01
3.063416666666671517e+01
2.563416666666671517e+01
1.963416666666671517e+01
1.763416666666671517e+01
1.563416666666671517e+01
1.563416666666671517e+01
1.163416666666671517e+01
6.634166666666715173e+00
-3.365833333333284827e+00
-3.365833333333284827e+00
-4.365833333333284827e+00
-7.365833333333284827e+00
-1.136583333333328483e+01
-1.436583333333328483e+01
-1.936583333333328483e+01
-1.836583333333328483e+01
-1.636583333333328483e+01
-1.236583333333328483e+01
-1.436583333333328483e+01
-2.236583333333328483e+01
-3.136583333333328483e+01
-3.436583333333328483e+01
-3.336583333333328483e+01
-3.036583333333328483e+01
-3.036583333333328483e+01
-3.336583333333328483e+01
-3.536583333333328483e+01
-3.236583333333328483e+01
-3.036583333333328483e+01
-3.036583333333328483e+01
-2.736583333333328483e+01
-3.136583333333328483e+01
-3.436583333333328483e+01
-3.736583333333328483e+01
-3.836583333333328483e+01
-3.436583333333328483e+01
-3.036583333333328483e+01
-3.036583333333328483e+01
-3.236583333333328483e+01
-3.136583333333328483e+01
-2.336583333333328483e+01
-2.136583333333328483e+01
-1.936583333333328483e+01
-1.936583333333328483e+01
-2.336583333333328483e+01
-2.436583333333328483e+01
-2.136583333333328483e+01
-1.736583333333328483e+01
-1.336583333333328483e+01
-1.436583333333328483e+01
-1.336583333333328483e+01
-1.136583333333328483e+01
-8.365833333333284827e+00
-2.365833333333284827e+00
-2.365833333333284827e+00
-3.365833333333284827e+00
-8.365833333333284827e+00
-5.365833333333284827e+00
-2.365833333333284827e+00
1.634166666666715173e+00
4.634166666666715173e+00
2.634166666666715173e+00
1.634166666666715173e+00
-3.658333333332848269e-01
3.634166666666715173e+00
6.634166666666715173e+00
4.634166666666715173e+00
3.634166666666715173e+00
-1.365833333333284827e+00
-2.365833333333284827e+00
-2.365833333333284827e+00
6.341666666667151731e-01
6.341666666667151731e-01
-2.365833333333284827e+00
-5.365833333333284827e+00
-9.365833333333284827e+00
-6.365833333333284827e+00
-6.365833333333284827e+00
-4.365833333333284827e+00
-7.365833333333284827e+00
-1.236583333333328483e+01
-1.436583333333328483e+01
-1.436583333333328483e+01
-1.236583333333328483e+01
-1.036583333333328483e+01
-9.365833333333284827e+00
-1.336583333333328483e+01
-1.136583333333328483e+01
-1.236583333333328483e+01
-1.236583333333328483e+01
-1.336583333333328483e+01
-1.536583333333328483e+01
-1.836583333333328483e+01
-1.836583333333328483e+01
-1.436583333333328483e+01
-1.236583333333328483e+01
-1.536583333333328483e+01
-2.036583333333328483e+01
-2.336583333333328483e+01
-2.536583333333328483e+01
-2.436583333333328483e+01
-2.136583333333328483e+01
-2.036583333333328483e+01
-1.936583333333328483e+01
-1.836583333333328483e+01
-1.836583333333328483e+01
-1.736583333333328483e+01
-1.736583333333328483e+01
-2.636583333333328483e+01
-3.736583333333328483e+01
-4.436583333333328483e+01
-4.036583333333328483e+01
-3.036583333333328483e+01
-2.636583333333328483e+01
-2.936583333333328483e+01
-3.036583333333328483e+01
-2.936583333333328483e+01
-2.936583333333328483e+01
-2.636583333333328483e+01
-1.936583333333328483e+01
-2.136583333333328483e+01
-2.536583333333328483e+01
-3.336583333333328483e+01
-3.336583333333328483e+01
-2.836583333333328483e+01
-2.136583333333328483e+01
-2.236583333333328483e+01
-2.436583333333328483e+01
-2.836583333333328483e+01
-2.736583333333328483e+01
-2.636583333333328483e+01
-2.336583333333328483e+01
-2.136583333333328483e+01
-2.036583333333328483e+01
-1.736583333333328483e+01
-1.336583333333328483e+01
-1.336583333333328483e+01
-1.036583333333328483e+01
-8.365833333333284827e+00
-8.365833333333284827e+00
-1.136583333333328483e+01
-6.365833333333284827e+00
6.341666666667151731e-01
1.163416666666671517e+01
2.963416666666671517e+01
4.363416666666671517e+01
5.163416666666671517e+01
4.963416666666671517e+01
4.363416666666671517e+01
4.163416666666671517e+01
3.963416666666671517e+01
4.163416666666671517e+01
4.163416666666671517e+01
4.463416666666671517e+01
3.863416666666671517e+01
3.163416666666671517e+01
1.863416666666671517e+01
4.634166666666715173e+00
-4.365833333333284827e+00
-1.036583333333328483e+01
-9.365833333333284827e+00
-1.136583333333328483e+01
-2.036583333333328483e+01
-2.836583333333328483e+01
-3.336583333333328483e+01
-3.536583333333328483e+01
-3.336583333333328483e+01
-2.936583333333328483e+01
-2.736583333333328483e+01
-2.836583333333328483e+01
-3.336583333333328483e+01
-3.136583333333328483e+01
-2.736583333333328483e+01
-2.736583333333328483e+01
-2.836583333333328483e+01
-2.936583333333328483e+01
-3.536583333333328483e+01
-4.636583333333328483e+01
-5.536583333333328483e+01
-5.936583333333328483e+01
-6.636583333333328483e+01
-6.036583333333328483e+01
-3.236583333333328483e+01
2.463416666666671517e+01
1.136341666666667152e+02
2.256341666666667152e+02
3.266341666666667152e+02
4.006341666666667152e+02
4.416341666666667152e+02
4.626341666666667152e+02
4.636341666666667152e+02
4.536341666666667152e+02
4.116341666666667152e+02
3.326341666666667152e+02
2.126341666666667152e+02
8.463416666666671517e+01
-4.336583333333328483e+01
-1.213658333333332848e+02
-1.023658333333332848e+02
-6.036583333333328483e+01
-4.736583333333328483e+01
-5.136583333333328483e+01
-5.236583333333328483e+01
-5.136583333333328483e+01
-4.936583333333328483e+01
-5.236583333333328483e+01
-5.436583333333328483e+01
-5.436583333333328483e+01
-5.836583333333328483e+01
-5.436583333333328483e+01
-5.536583333333328483e+01
-6.036583333333328483e+01
-6.136583333333328483e+01
-6.136583333333328483e+01
-5.836583333333328483e+01
-5.736583333333328483e+01
-5.936583333333328483e+01
-5.936583333333328483e+01
-6.036583333333328483e+01
-6.136583333333328483e+01
-5.836583333333328483e+01
-5.836583333333328483e+01
-5.636583333333328483e+01
-6.136583333333328483e+01
-6.436583333333328483e+01
-6.736583333333328483e+01
-6.736583333333328483e+01
-5.936583333333328483e+01
-5.636583333333328483e+01
-5.636583333333328483e+01
-5.736583333333328483e+01
-5.736583333333328483e+01
-5.836583333333328483e+01
-5.736583333333328483e+01
-5.336583333333328483e+01
-5.636583333333328483e+01
-5.536583333333328483e+01
-5.236583333333328483e+01
-5.236583333333328483e+01
-4.636583333333328483e+01
-5.236583333333328483e+01
-5.836583333333328483e+01
-5.636583333333328483e+01
-5.136583333333328483e+01
-4.736583333333328483e+01
-4.236583333333328483e+01
-4.436583333333328483e+01
-4.436583333333328483e+01
-4.636583333333328483e+01
-4.636583333333328483e+01
-4.436583333333328483e+01
-4.436583333333328483e+01
-4.436583333333328483e+01
-4.336583333333328483e+01
-4.436583333333328483e+01
-4.136583333333328483e+01
-3.736583333333328483e+01
-3.336583333333328483e+01
-3.036583333333328483e+01
-3.436583333333328483e+01
-3.136583333333328483e+01
-2.936583333333328483e+01
-2.436583333333328483e+01
-1.936583333333328483e+01
-1.636583333333328483e+01
-1.436583333333328483e+01
-1.436583333333328483e+01
-1.336583333333328483e+01
-8.365833333333284827e+00
6.341666666667151731e-01
3.634166666666715173e+00
2.634166666666715173e+00
2.634166666666715173e+00
4.634166666666715173e+00
1.163416666666671517e+01
1.963416666666671517e+01
2.263416666666671517e+01
2.163416666666671517e+01
2.363416666666671517e+01
2.663416666666671517e+01
3.463416666666671517e+01
4.463416666666671517e+01
4.663416666666671517e+01
4.963416666666671517e+01
5.263416666666671517e+01
5.663416666666671517e+01
6.263416666666671517e+01
6.963416666666671517e+01
7.063416666666671517e+01
7.163416666666671517e+01
7.063416666666671517e+01
7.463416666666671517e+01
7.663416666666671517e+01
8.163416666666671517e+01
7.963416666666671517e+01
7.263416666666671517e+01
6.863416666666671517e+01
6.963416666666671517e+01
6.763416666666671517e+01
6.763416666666671517e+01
6.563416666666671517e+01
5.763416666666671517e+01
4.963416666666671517e+01
5.163416666666671517e+01
4.863416666666671517e+01
4.763416666666671517e+01
4.163416666666671517e+01
3.763416666666671517e+01
3.263416666666671517e+01
3.063416666666671517e+01
2.763416666666671517e+01
2.863416666666671517e+01
2.263416666666671517e+01
1.163416666666671517e+01
4.634166666666715173e+00
-3.658333333332848269e-01
6.341666666667151731e-01
-3.658333333332848269e-01
-1.365833333333284827e+00
-3.365833333333284827e+00
-1.036583333333328483e+01
-9.365833333333284827e+00
-1.236583333333328483e+01
-9.365833333333284827e+00
-8.365833333333284827e+00
-9.365833333333284827e+00
-1.536583333333328483e+01
-1.936583333333328483e+01
-1.936583333333328483e+01
-1.836583333333328483e+01
-2.036583333333328483e+01
-2.136583333333328483e+01
-2.836583333333328483e+01
-3.036583333333328483e+01
-2.936583333333328483e+01
-2.436583333333328483e+01
-2.336583333333328483e+01
-2.936583333333328483e+01
-2.936583333333328483e+01
-2.836583333333328483e+01
-2.236583333333328483e+01
-1.936583333333328483e+01
-1.936583333333328483e+01
-2.136583333333328483e+01
-2.736583333333328483e+01
-2.936583333333328483e+01
-2.936583333333328483e+01
-2.536583333333328483e+01
-2.136583333333328483e+01
-2.336583333333328483e+01
-2.636583333333328483e+01
-2.336583333333328483e+01
-2.236583333333328483e+01
-1.736583333333328483e+01
-1.536583333333328483e+01
-1.536583333333328483e+01
-1.636583333333328483e+01
-1.336583333333328483e+01
-1.436583333333328483e+01
-1.236583333333328483e+01
-1.436583333333328483e+01
-1.336583333333328483e+01
-1.436583333333328483e+01
-1.636583333333328483e+01
-1.536583333333328483e+01
-1.136583333333328483e+01
-1.136583333333328483e+01
-1.236583333333328483e+01
-1.436583333333328483e+01
-1.336583333333328483e+01
-9.365833333333284827e+00
-7.365833333333284827e+00
-7.365833333333284827e+00
-6.365833333333284827e+00
-1.036583333333328483e+01
-9.365833333333284827e+00
-5.365833333333284827e+00
-1.365833333333284827e+00
-4.365833333333284827e+00
-6.365833333333284827e+00
-6.365833333333284827e+00
-6.365833333333284827e+00
-7.365833333333284827e+00
-1.136583333333328483e+01
-1.336583333333328483e+01
-1.336583333333328483e+01
-1.436583333333328483e+01
-1.136583333333328483e+01
-1.236583333333328483e+01
-9.365833333333284827e+00
-1.036583333333328483e+01
-1.636583333333328483e+01
-2.236583333333328483e+01
-1.836583333333328483e+01
-1.736583333333328483e+01
-1.236583333333328483e+01
-1.436583333333328483e+01
-1.836583333333328483e+01
-2.236583333333328483e+01
-2.136583333333328483e+01
-1.736583333333328483e+01
-1.436583333333328483e+01
-1.336583333333328483e+01
-2.036583333333328483e+01
-3.136583333333328483e+01
-3.236583333333328483e+01
-2.836583333333328483e+01
-2.336583333333328483e+01
-2.536583333333328483e+01
-2.836583333333328483e+01
-2.836583333333328483e+01
-3.536583333333328483e+01
-3.136583333333328483e+01
-2.636583333333328483e+01
-2.536583333333328483e+01
-2.536583333333328483e+01
-2.936583333333328483e+01
-3.036583333333328483e+01
-3.336583333333328483e+01
-3.036583333333328483e+01
-3.136583333333328483e+01
-3.036583333333328483e+01
-3.036583333333328483e+01
-2.836583333333328483e+01
-2.636583333333328483e+01
-2.636583333333328483e+01
-2.636583333333328483e+01
-2.636583333333328483e+01
-2.336583333333328483e+01
-2.336583333333328483e+01
-2.636583333333328483e+01
-2.836583333333328483e+01
-3.136583333333328483e+01
-3.636583333333328483e+01
-4.336583333333328483e+01
-3.636583333333328483e+01
-2.836583333333328483e+01
-2.536583333333328483e+01
-2.836583333333328483e+01
-3.236583333333328483e+01
-3.536583333333328483e+01
-3.236583333333328483e+01
-3.336583333333328483e+01
-2.636583333333328483e+01
-2.936583333333328483e+01
-3.236583333333328483e+01
-3.336583333333328483e+01
-3.336583333333328483e+01
-2.936583333333328483e+01
-2.636583333333328483e+01
-2.736583333333328483e+01
-3.036583333333328483e+01
-3.336583333333328483e+01
-3.036583333333328483e+01
-2.836583333333328483e+01
-2.836583333333328483e+01
-2.736583333333328483e+01
-2.836583333333328483e+01
-2.536583333333328483e+01
-2.236583333333328483e+01
-1.836583333333328483e+01
-1.236583333333328483e+01
-1.236583333333328483e+01
-9.365833333333284827e+00
-8.365833333333284827e+00
-6.365833333333284827e+00
1.634166666666715173e+00
1.463416666666671517e+01
2.663416666666671517e+01
3.463416666666671517e+01
4.363416666666671517e+01
4.563416666666671517e+01
4.563416666666671517e+01
4.363416666666671517e+01
4.563416666666671517e+01
5.163416666666671517e+01
5.363416666666671517e+01
5.363416666666671517e+01
5.163416666666671517e+01
4.963416666666671517e+01
4.263416666666671517e+01
3.163416666666671517e+01
1.963416666666671517e+01
7.634166666666715173e+00
4.634166666666715173e+00
1.634166666666715173e+00
-2.365833333333284827e+00
-1.136583333333328483e+01
-1.936583333333328483e+01
-2.536583333333328483e+01
-3.136583333333328483e+01
-2.836583333333328483e+01
-3.036583333333328483e+01
-2.936583333333328483e+01
-3.436583333333328483e+01
-3.236583333333328483e+01
-3.336583333333328483e+01
-3.336583333333328483e+01
-3.436583333333328483e+01
-3.336583333333328483e+01
-3.736583333333328483e+01
-3.636583333333328483e+01
-3.536583333333328483e+01
-3.436583333333328483e+01
-4.136583333333328483e+01
-5.036583333333328483e+01
-6.636583333333328483e+01
-6.836583333333328483e+01
-5.036583333333328483e+01
-6.365833333333284827e+00
6.463416666666671517e+01
1.676341666666667152e+02
2.716341666666667152e+02
3.636341666666667152e+02
4.276341666666667152e+02
4.606341666666667152e+02
4.686341666666667152e+02
4.616341666666667152e+02
4.256341666666667152e+02
3.496341666666667152e+02
2.236341666666667152e+02
9.563416666666671517e+01
-3.236583333333328483e+01
-1.123658333333332848e+02
-8.536583333333328483e+01
-5.336583333333328483e+01
-4.236583333333328483e+01
-4.636583333333328483e+01
-5.236583333333328483e+01
-5.336583333333328483e+01
-5.336583333333328483e+01
-5.236583333333328483e+01
-5.136583333333328483e+01
-4.936583333333328483e+01
-5.336583333333328483e+01
-5.636583333333328483e+01
-6.036583333333328483e+01
-6.036583333333328483e+01
-5.836583333333328483e+01
-5.536583333333328483e+01
-5.436583333333328483e+01
-5.836583333333328483e+01
-6.136583333333328483e+01
-6.136583333333328483e+01
-6.036583333333328483e+01
-5.736583333333328483e+01
-5.636583333333328483e+01
-5.636583333333328483e+01
-5.836583333333328483e+01
-6.036583333333328483e+01
-5.936583333333328483e+01
-5.636583333333328483e+01
-5.736583333333328483e+01
-6.036583333333328483e+01
-6.036583333333328483e+01
-5.936583333333328483e+01
-5.836583333333328483e+01
-5.436583333333328483e+01
-5.736583333333328483e+01
-5.836583333333328483e+01
-5.936583333333328483e+01
-6.036583333333328483e+01
-5.236583333333328483e+01
-5.036583333333328483e+01
-5.136583333333328483e+01
-5.236583333333328483e+01
-5.536583333333328483e+01
-5.636583333333328483e+01
-4.936583333333328483e+01
-4.436583333333328483e+01
-4.136583333333328483e+01
-4.036583333333328483e+01
-4.436583333333328483e+01
-4.836583333333328483e+01
-5.136583333333328483e+01
-5.236583333333328483e+01
-5.036583333333328483e+01
-5.236583333333328483e+01
-5.136583333333328483e+01
-4.736583333333328483e+01
-4.036583333333328483e+01
-3.436583333333328483e+01
-3.336583333333328483e+01
-3.736583333333328483e+01
-3.636583333333328483e+01
-3.636583333333328483e+01
-3.036583333333328483e+01
-2.536583333333328483e+01
-2.136583333333328483e+01
-2.136583333333328483e+01
-2.236583333333328483e+01
-1.936583333333328483e+01
-9.365833333333284827e+00
-1.365833333333284827e+00
4.634166666666715173e+00
1.163416666666671517e+01
1.363416666666671517e+01
1.063416666666671517e+01
8.634166666666715173e+00
3.634166666666715173e+00
4.634166666666715173e+00
1.263416666666671517e+01
1.963416666666671517e+01
2.363416666666671517e+01
2.563416666666671517e+01
3.463416666666671517e+01
4.263416666666671517e+01
4.763416666666671517e+01
4.863416666666671517e+01
4.963416666666671517e+01
5.763416666666671517e+01
6.363416666666671517e+01
6.363416666666671517e+01
6.363416666666671517e+01
6.463416666666671517e+01
6.663416666666671517e+01
6.863416666666671517e+01
7.463416666666671517e+01
8.063416666666671517e+01
7.263416666666671517e+01
5.863416666666671517e+01
5.163416666666671517e+01
5.263416666666671517e+01
6.463416666666671517e+01
6.663416666666671517e+01
6.263416666666671517e+01
4.963416666666671517e+01
4.263416666666671517e+01
4.063416666666671517e+01
3.663416666666671517e+01
3.063416666666671517e+01
2.163416666666671517e+01
1.963416666666671517e+01
2.063416666666671517e+01
2.363416666666671517e+01
2.263416666666671517e+01
1.963416666666671517e+01
9.634166666666715173e+00
-3.658333333332848269e-01
-8.365833333333284827e+00
-6.365833333333284827e+00
-6.365833333333284827e+00
-1.036583333333328483e+01
-2.036583333333328483e+01
-2.436583333333328483e+01
-1.736583333333328483e+01
-7.365833333333284827e+00
-6.365833333333284827e+00
-1.036583333333328483e+01
-1.236583333333328483e+01
-1.236583333333328483e+01
-9.365833333333284827e+00
-1.336583333333328483e+01
-2.436583333333328483e+01
-3.536583333333328483e+01
-5.336583333333328483e+01
-6.636583333333328483e+01
-6.636583333333328483e+01
-5.836583333333328483e+01
-5.636583333333328483e+01
-5.536583333333328483e+01
-5.136583333333328483e+01
-4.936583333333328483e+01
-4.936583333333328483e+01
-4.536583333333328483e+01
-3.836583333333328483e+01
-3.536583333333328483e+01
-3.436583333333328483e+01
-4.336583333333328483e+01
-4.636583333333328483e+01
-4.936583333333328483e+01
-4.836583333333328483e+01
-4.636583333333328483e+01
-4.736583333333328483e+01
-4.936583333333328483e+01
-4.936583333333328483e+01
-4.136583333333328483e+01
-3.136583333333328483e+01
-3.036583333333328483e+01
-3.736583333333328483e+01
-4.136583333333328483e+01
-4.636583333333328483e+01
-4.536583333333328483e+01
-5.036583333333328483e+01
-5.236583333333328483e+01
-5.336583333333328483e+01
-5.036583333333328483e+01
-4.636583333333328483e+01
-4.336583333333328483e+01
-4.336583333333328483e+01
-3.536583333333328483e+01
-3.036583333333328483e+01
-3.136583333333328483e+01
-2.636583333333328483e+01
-2.036583333333328483e+01
-1.736583333333328483e+01
-2.136583333333328483e+01
-2.736583333333328483e+01
-3.036583333333328483e+01
-4.036583333333328483e+01
-4.636583333333328483e+01
-4.136583333333328483e+01
-2.936583333333328483e+01
-2.236583333333328483e+01
-2.236583333333328483e+01
-1.936583333333328483e+01
-1.536583333333328483e+01
-2.236583333333328483e+01
-2.936583333333328483e+01
-2.736583333333328483e+01
-2.736583333333328483e+01
-3.136583333333328483e+01
-3.336583333333328483e+01
-5.336583333333328483e+01
-6.836583333333328483e+01
-6.536583333333328483e+01
-5.336583333333328483e+01
-4.536583333333328483e+01
-4.136583333333328483e+01
-4.136583333333328483e+01
-4.536583333333328483e+01
-5.436583333333328483e+01
-5.536583333333328483e+01
-5.736583333333328483e+01
-5.336583333333328483e+01
-5.236583333333328483e+01
-6.036583333333328483e+01
-6.536583333333328483e+01
-5.936583333333328483e+01
-5.436583333333328483e+01
-5.236583333333328483e+01
-5.236583333333328483e+01
-5.636583333333328483e+01
-6.636583333333328483e+01
-6.536583333333328483e+01
-5.336583333333328483e+01
-4.336583333333328483e+01
-4.036583333333328483e+01
-4.836583333333328483e+01
-5.136583333333328483e+01
-5.736583333333328483e+01
-6.436583333333328483e+01
-7.736583333333328483e+01
-8.836583333333328483e+01
-8.636583333333328483e+01
-7.036583333333328483e+01
-6.036583333333328483e+01
-5.536583333333328483e+01
-6.136583333333328483e+01
-5.636583333333328483e+01
-5.336583333333328483e+01
-5.036583333333328483e+01
-5.636583333333328483e+01
-7.436583333333328483e+01
-8.136583333333328483e+01
-8.036583333333328483e+01
-6.836583333333328483e+01
-6.236583333333328483e+01
-6.636583333333328483e+01
-8.036583333333328483e+01
-8.636583333333328483e+01
-8.236583333333328483e+01
-7.036583333333328483e+01
-6.936583333333328483e+01
-6.836583333333328483e+01
-6.436583333333328483e+01
-6.236583333333328483e+01
-4.536583333333328483e+01
-4.236583333333328483e+01
-5.636583333333328483e+01
-7.836583333333328483e+01
-8.436583333333328483e+01
-6.736583333333328483e+01
-4.436583333333328483e+01
-3.736583333333328483e+01
-3.736583333333328483e+01
-4.736583333333328483e+01
-5.836583333333328483e+01
-6.136583333333328483e+01
-5.636583333333328483e+01
-4.636583333333328483e+01
-4.136583333333328483e+01
-3.336583333333328483e+01
-2.036583333333328483e+01
-7.365833333333284827e+00
3.634166666666715173e+00
7.634166666666715173e+00
6.634166666666715173e+00
5.634166666666715173e+00
5.634166666666715173e+00
7.634166666666715173e+00
1.063416666666671517e+01
9.634166666666715173e+00
6.634166666666715173e+00
-3.365833333333284827e+00
-1.536583333333328483e+01
-2.436583333333328483e+01
-2.736583333333328483e+01
-2.636583333333328483e+01
-2.636583333333328483e+01
-3.336583333333328483e+01
-4.936583333333328483e+01
-6.636583333333328483e+01
-7.736583333333328483e+01
-7.636583333333328483e+01
-7.836583333333328483e+01
-7.936583333333328483e+01
-7.536583333333328483e+01
-6.836583333333328483e+01
-6.736583333333328483e+01
-6.036583333333328483e+01
-4.736583333333328483e+01
-4.136583333333328483e+01
-5.336583333333328483e+01
-7.236583333333328483e+01
-8.136583333333328483e+01
-7.936583333333328483e+01
-7.336583333333328483e+01
-7.136583333333328483e+01
-6.936583333333328483e+01
-4.536583333333328483e+01
1.163416666666671517e+01
1.086341666666667152e+02
2.286341666666667152e+02
3.286341666666667152e+02
4.006341666666667152e+02
4.386341666666667152e+02
4.516341666666667152e+02
4.356341666666667152e+02
3.936341666666667152e+02
3.036341666666667152e+02
1.756341666666667152e+02
4.763416666666671517e+01
-8.036583333333328483e+01
-1.423658333333332848e+02
-1.103658333333332848e+02
-9.836583333333328483e+01
-1.033658333333332848e+02
-1.013658333333332848e+02
-8.636583333333328483e+01
-8.136583333333328483e+01
-8.436583333333328483e+01
-8.636583333333328483e+01
-8.136583333333328483e+01
-7.536583333333328483e+01
-7.736583333333328483e+01
-7.836583333333328483e+01
-8.336583333333328483e+01
-8.536583333333328483e+01
-8.536583333333328483e+01
-9.036583333333328483e+01
-8.836583333333328483e+01
-9.136583333333328483e+01
-9.936583333333328483e+01
-1.063658333333332848e+02
-1.053658333333332848e+02
-1.003658333333332848e+02
-8.936583333333328483e+01
-8.336583333333328483e+01
-8.536583333333328483e+01
-8.836583333333328483e+01
-9.536583333333328483e+01
-8.836583333333328483e+01
-8.236583333333328483e+01
-7.936583333333328483e+01
-8.036583333333328483e+01
-8.636583333333328483e+01
-9.736583333333328483e+01
-9.236583333333328483e+01
-8.136583333333328483e+01
-7.336583333333328483e+01
-7.436583333333328483e+01
-7.636583333333328483e+01
-8.436583333333328483e+01
-9.136583333333328483e+01
-8.536583333333328483e+01
-7.936583333333328483e+01
-7.736583333333328483e+01
-8.036583333333328483e+01
-7.536583333333328483e+01
-6.536583333333328483e+01
-6.536583333333328483e+01
-6.936583333333328483e+01
-7.236583333333328483e+01
-7.336583333333328483e+01
-7.336583333333328483e+01
-6.136583333333328483e+01
-5.436583333333328483e+01
-5.536583333333328483e+01
-6.536583333333328483e+01
-7.336583333333328483e+01
-7.036583333333328483e+01
-6.536583333333328483e+01
-5.836583333333328483e+01
-4.636583333333328483e+01
-3.836583333333328483e+01
-3.736583333333328483e+01
-4.136583333333328483e+01
-4.136583333333328483e+01
-3.536583333333328483e+01
-2.736583333333328483e+01
-1.936583333333328483e+01
-2.136583333333328483e+01
-2.336583333333328483e+01
-2.436583333333328483e+01
-2.036583333333328483e+01
-1.836583333333328483e+01
-1.936583333333328483e+01
-1.336583333333328483e+01
-4.365833333333284827e+00
3.634166666666715173e+00
1.163416666666671517e+01
2.263416666666671517e+01
3.063416666666671517e+01
2.863416666666671517e+01
2.463416666666671517e+01
2.263416666666671517e+01
2.363416666666671517e+01
1.963416666666671517e+01
1.363416666666671517e+01
1.063416666666671517e+01
1.863416666666671517e+01
2.863416666666671517e+01
2.263416666666671517e+01
1.763416666666671517e+01
1.863416666666671517e+01
2.263416666666671517e+01
2.863416666666671517e+01
2.963416666666671517e+01
1.863416666666671517e+01
1.763416666666671517e+01
2.563416666666671517e+01
2.863416666666671517e+01
1.663416666666671517e+01
6.341666666667151731e-01
-1.365833333333284827e+00
-2.365833333333284827e+00
-7.365833333333284827e+00
-1.436583333333328483e+01
-1.636583333333328483e+01
-1.436583333333328483e+01
-2.365833333333284827e+00
9.634166666666715173e+00
1.063416666666671517e+01
1.634166666666715173e+00
-9.365833333333284827e+00
-1.836583333333328483e+01
-3.836583333333328483e+01
-6.836583333333328483e+01
-7.736583333333328483e+01
-7.136583333333328483e+01
-5.336583333333328483e+01
-4.236583333333328483e+01
-3.036583333333328483e+01
-2.936583333333328483e+01
-4.536583333333328483e+01
-6.036583333333328483e+01
-6.436583333333328483e+01
-4.936583333333328483e+01
-2.436583333333328483e+01
-4.365833333333284827e+00
-5.365833333333284827e+00
-3.436583333333328483e+01
-6.936583333333328483e+01
-8.336583333333328483e+01
-6.836583333333328483e+01
-4.836583333333328483e+01
-5.436583333333328483e+01
-6.436583333333328483e+01
-7.736583333333328483e+01
-7.536583333333328483e+01
-6.736583333333328483e+01
-5.936583333333328483e+01
-5.836583333333328483e+01
-5.736583333333328483e+01
-5.636583333333328483e+01
-4.736583333333328483e+01
-3.836583333333328483e+01
-3.336583333333328483e+01
-3.336583333333328483e+01
-4.036583333333328483e+01
-3.936583333333328483e+01
-3.936583333333328483e+01
-3.736583333333328483e+01
-2.836583333333328483e+01
-2.136583333333328483e+01
-2.236583333333328483e+01
-2.536583333333328483e+01
-2.636583333333328483e+01
-1.936583333333328483e+01
-1.936583333333328483e+01
-2.536583333333328483e+01
-2.836583333333328483e+01
-2.736583333333328483e+01
-2.436583333333328483e+01
-2.536583333333328483e+01
-2.336583333333328483e+01
-1.836583333333328483e+01
-1.836583333333328483e+01
-2.336583333333328483e+01
-3.036583333333328483e+01
-4.436583333333328483e+01
-4.736583333333328483e+01
-3.836583333333328483e+01
-3.036583333333328483e+01
-2.336583333333328483e+01
-1.936583333333328483e+01
-1.836583333333328483e+01
-1.936583333333328483e+01
-2.436583333333328483e+01
-2.636583333333328483e+01
-3.036583333333328483e+01
-3.436583333333328483e+01
-3.736583333333328483e+01
-3.736583333333328483e+01
-3.436583333333328483e+01
-4.136583333333328483e+01
-4.236583333333328483e+01
-3.836583333333328483e+01
-3.436583333333328483e+01
-2.936583333333328483e+01
-3.336583333333328483e+01
-3.936583333333328483e+01
-3.536583333333328483e+01
-3.136583333333328483e+01
-3.736583333333328483e+01
-4.936583333333328483e+01
-4.936583333333328483e+01
-3.936583333333328483e+01
-3.136583333333328483e+01
-2.636583333333328483e+01
-3.236583333333328483e+01
-3.536583333333328483e+01
-4.136583333333328483e+01
-4.736583333333328483e+01
-5.036583333333328483e+01
-4.836583333333328483e+01
-4.036583333333328483e+01
-3.536583333333328483e+01
-3.736583333333328483e+01
-3.936583333333328483e+01
-3.236583333333328483e+01
-2.536583333333328483e+01
-2.336583333333328483e+01
-3.736583333333328483e+01
-5.536583333333328483e+01
-6.136583333333328483e+01
-5.136583333333328483e+01
-3.236583333333328483e+01
-3.136583333333328483e+01
-4.836583333333328483e+01
-5.436583333333328483e+01
-5.236583333333328483e+01
-4.436583333333328483e+01
-4.336583333333328483e+01
-4.336583333333328483e+01
-4.036583333333328483e+01
-3.336583333333328483e+01
-3.436583333333328483e+01
-4.036583333333328483e+01
-4.436583333333328483e+01
-5.036583333333328483e+01
-5.736583333333328483e+01
-5.136583333333328483e+01
-4.336583333333328483e+01
-4.236583333333328483e+01
-4.836583333333328483e+01
-4.236583333333328483e+01
-3.436583333333328483e+01
-2.736583333333328483e+01
-3.136583333333328483e+01
-2.836583333333328483e+01
-2.836583333333328483e+01
-3.236583333333328483e+01
-4.336583333333328483e+01
-5.136583333333328483e+01
-3.836583333333328483e+01
-2.436583333333328483e+01
-2.036583333333328483e+01
-2.736583333333328483e+01
-2.436583333333328483e+01
-1.836583333333328483e+01
-1.236583333333328483e+01
-1.836583333333328483e+01
-1.636583333333328483e+01
-3.658333333332848269e-01
9.634166666666715173e+00
1.363416666666671517e+01
1.263416666666671517e+01
1.563416666666671517e+01
2.163416666666671517e+01
2.163416666666671517e+01
1.363416666666671517e+01
5.634166666666715173e+00
3.634166666666715173e+00
8.634166666666715173e+00
1.463416666666671517e+01
2.263416666666671517e+01
2.763416666666671517e+01
3.763416666666671517e+01
3.263416666666671517e+01
2.563416666666671517e+01
1.863416666666671517e+01
9.634166666666715173e+00
3.634166666666715173e+00
-2.365833333333284827e+00
-3.365833333333284827e+00
-2.365833333333284827e+00
-4.365833333333284827e+00
-1.536583333333328483e+01
-2.736583333333328483e+01
-3.136583333333328483e+01
-3.336583333333328483e+01
-3.236583333333328483e+01
-3.136583333333328483e+01
-2.836583333333328483e+01
-3.036583333333328483e+01
-3.536583333333328483e+01
-3.536583333333328483e+01
-3.336583333333328483e+01
