-9.089166666666642413e+00
-1.008916666666664241e+01
-1.008916666666664241e+01
-1.008916666666664241e+01
-8.089166666666642413e+00
-7.089166666666642413e+00
-7.089166666666642413e+00
-6.089166666666642413e+00
-6.089166666666642413e+00
-5.089166666666642413e+00
-5.089166666666642413e+00
-3.089166666666642413e+00
-2.089166666666642413e+00
2.910833333333357587e+00
1.910833333333357587e+00
3.910833333333357587e+00
4.910833333333357587e+00
5.910833333333357587e+00
4.910833333333357587e+00
5.910833333333357587e+00
5.910833333333357587e+00
5.910833333333357587e+00
8.910833333333357587e+00
9.910833333333357587e+00
1.491083333333335759e+01
1.691083333333335759e+01
2.091083333333335759e+01
2.191083333333335759e+01
2.291083333333335759e+01
2.191083333333335759e+01
2.291083333333335759e+01
2.391083333333335759e+01
2.391083333333335759e+01
2.791083333333335759e+01
2.791083333333335759e+01
3.191083333333335759e+01
3.591083333333335759e+01
3.891083333333335759e+01
4.091083333333335759e+01
4.291083333333335759e+01
4.491083333333335759e+01
4.691083333333335759e+01
4.891083333333335759e+01
5.091083333333335759e+01
4.991083333333335759e+01
5.191083333333335759e+01
5.591083333333335759e+01
5.591083333333335759e+01
5.891083333333335759e+01
5.991083333333335759e+01
6.291083333333335759e+01
6.391083333333335759e+01
6.291083333333335759e+01
6.191083333333335759e+01
5.991083333333335759e+01
5.891083333333335759e+01
6.091083333333335759e+01
5.991083333333335759e+01
5.691083333333335759e+01
5.591083333333335759e+01
5.891083333333335759e+01
5.891083333333335759e+01
5.891083333333335759e+01
5.691083333333335759e+01
5.591083333333335759e+01
5.191083333333335759e+01
5.291083333333335759e+01
4.791083333333335759e+01
4.591083333333335759e+01
4.291083333333335759e+01
3.891083333333335759e+01
3.591083333333335759e+01
3.691083333333335759e+01
3.391083333333335759e+01
2.991083333333335759e+01
2.891083333333335759e+01
2.391083333333335759e+01
1.791083333333335759e+01
1.191083333333335759e+01
7.910833333333357587e+00
2.910833333333357587e+00
-1.089166666666642413e+00
-2.089166666666642413e+00
-2.089166666666642413e+00
-6.089166666666642413e+00
-9.089166666666642413e+00
-8.089166666666642413e+00
-1.108916666666664241e+01
-1.308916666666664241e+01
-1.408916666666664241e+01
-1.808916666666664241e+01
-1.908916666666664241e+01
-1.908916666666664241e+01
-1.808916666666664241e+01
-2.108916666666664241e+01
-2.008916666666664241e+01
-1.908916666666664241e+01
-2.008916666666664241e+01
-2.008916666666664241e+01
-1.908916666666664241e+01
-2.008916666666664241e+01
-2.008916666666664241e+01
-2.108916666666664241e+01
-2.208916666666664241e+01
-1.908916666666664241e+01
-2.108916666666664241e+01
-1.908916666666664241e+01
-1.708916666666664241e+01
-1.608916666666664241e+01
-1.608916666666664241e+01
-1.308916666666664241e+01
-1.208916666666664241e+01
-1.208916666666664241e+01
-1.308916666666664241e+01
-1.408916666666664241e+01
-1.508916666666664241e+01
-1.908916666666664241e+01
-1.808916666666664241e+01
-1.608916666666664241e+01
-1.508916666666664241e+01
-1.708916666666664241e+01
-1.208916666666664241e+01
-1.208916666666664241e+01
-1.108916666666664241e+01
-1.008916666666664241e+01
-1.208916666666664241e+01
-1.708916666666664241e+01
-2.008916666666664241e+01
-2.108916666666664241e+01
-2.008916666666664241e+01
-1.808916666666664241e+01
-1.608916666666664241e+01
-1.608916666666664241e+01
-1.308916666666664241e+01
-1.408916666666664241e+01
-1.508916666666664241e+01
-1.708916666666664241e+01
-1.908916666666664241e+01
-2.008916666666664241e+01
-2.308916666666664241e+01
-2.208916666666664241e+01
-2.408916666666664241e+01
-2.508916666666664241e+01
-2.308916666666664241e+01
-2.008916666666664241e+01
-2.008916666666664241e+01
-2.208916666666664241e+01
-2.308916666666664241e+01
-2.608916666666664241e+01
-2.608916666666664241e+01
-2.808916666666664241e+01
-2.908916666666664241e+01
-2.608916666666664241e+01
-2.808916666666664241e+01
-2.608916666666664241e+01
-2.608916666666664241e+01
-2.408916666666664241e+01
-2.308916666666664241e+01
-2.608916666666664241e+01
-2.608916666666664241e+01
-2.908916666666664241e+01
-2.908916666666664241e+01
-2.908916666666664241e+01
-3.208916666666664241e+01
-2.908916666666664241e+01
-3.008916666666664241e+01
-3.008916666666664241e+01
-2.908916666666664241e+01
-2.908916666666664241e+01
-2.908916666666664241e+01
-2.708916666666664241e+01
-3.008916666666664241e+01
-2.808916666666664241e+01
-3.108916666666664241e+01
-3.208916666666664241e+01
-3.508916666666664241e+01
-3.108916666666664241e+01
-3.208916666666664241e+01
-3.008916666666664241e+01
-3.108916666666664241e+01
-3.008916666666664241e+01
-3.008916666666664241e+01
-2.808916666666664241e+01
-2.708916666666664241e+01
-2.808916666666664241e+01
-2.908916666666664241e+01
-2.908916666666664241e+01
-3.008916666666664241e+01
-3.108916666666664241e+01
-3.308916666666664241e+01
-3.208916666666664241e+01
-3.108916666666664241e+01
-2.908916666666664241e+01
-2.708916666666664241e+01
-2.808916666666664241e+01
-2.708916666666664241e+01
-3.008916666666664241e+01
-3.008916666666664241e+01
-3.108916666666664241e+01
-3.008916666666664241e+01
-2.908916666666664241e+01
-3.008916666666664241e+01
-3.108916666666664241e+01
-2.908916666666664241e+01
-2.908916666666664241e+01
-2.708916666666664241e+01
-2.608916666666664241e+01
-2.608916666666664241e+01
-2.708916666666664241e+01
-2.908916666666664241e+01
-2.908916666666664241e+01
-3.108916666666664241e+01
-3.208916666666664241e+01
-3.208916666666664241e+01
-3.108916666666664241e+01
-2.908916666666664241e+01
-2.908916666666664241e+01
-2.608916666666664241e+01
-2.708916666666664241e+01
-2.708916666666664241e+01
-2.708916666666664241e+01
-3.108916666666664241e+01
-3.108916666666664241e+01
-3.108916666666664241e+01
-3.208916666666664241e+01
-3.108916666666664241e+01
-2.808916666666664241e+01
-2.708916666666664241e+01
-2.708916666666664241e+01
-2.508916666666664241e+01
-2.608916666666664241e+01
-2.508916666666664241e+01
-2.608916666666664241e+01
-2.708916666666664241e+01
-2.508916666666664241e+01
-2.408916666666664241e+01
-2.508916666666664241e+01
-2.508916666666664241e+01
-2.308916666666664241e+01
-1.808916666666664241e+01
-1.508916666666664241e+01
-1.708916666666664241e+01
-1.308916666666664241e+01
-1.108916666666664241e+01
-9.089166666666642413e+00
-1.008916666666664241e+01
-8.089166666666642413e+00
-4.089166666666642413e+00
-3.089166666666642413e+00
-3.089166666666642413e+00
-2.089166666666642413e+00
-2.089166666666642413e+00
-3.089166666666642413e+00
9.108333333333575865e-01
-1.089166666666642413e+00
-2.089166666666642413e+00
-1.089166666666642413e+00
-6.089166666666642413e+00
-8.089166666666642413e+00
-1.108916666666664241e+01
-1.508916666666664241e+01
-1.708916666666664241e+01
-2.208916666666664241e+01
-2.008916666666664241e+01
-2.408916666666664241e+01
-2.208916666666664241e+01
-2.108916666666664241e+01
-2.208916666666664241e+01
-2.308916666666664241e+01
-2.508916666666664241e+01
-2.908916666666664241e+01
-3.208916666666664241e+01
-3.608916666666664241e+01
-3.808916666666664241e+01
-3.908916666666664241e+01
-3.808916666666664241e+01
-3.708916666666664241e+01
-3.508916666666664241e+01
-3.308916666666664241e+01
-3.308916666666664241e+01
-3.208916666666664241e+01
-3.508916666666664241e+01
-3.508916666666664241e+01
-3.608916666666664241e+01
-3.708916666666664241e+01
-3.808916666666664241e+01
-3.808916666666664241e+01
-3.408916666666664241e+01
-3.408916666666664241e+01
-3.208916666666664241e+01
-3.308916666666664241e+01
-3.008916666666664241e+01
-3.008916666666664241e+01
-3.108916666666664241e+01
-3.308916666666664241e+01
-3.208916666666664241e+01
-3.008916666666664241e+01
-3.008916666666664241e+01
-2.808916666666664241e+01
-2.408916666666664241e+01
-2.108916666666664241e+01
-1.908916666666664241e+01
-1.708916666666664241e+01
-1.108916666666664241e+01
-7.089166666666642413e+00
2.910833333333357587e+00
1.291083333333335759e+01
3.491083333333335759e+01
5.791083333333335759e+01
8.691083333333335759e+01
1.199108333333333576e+02
1.519108333333333576e+02
1.819108333333333576e+02
2.059108333333333576e+02
2.179108333333333576e+02
2.169108333333333576e+02
1.969108333333333576e+02
1.599108333333333576e+02
1.119108333333333576e+02
5.291083333333335759e+01
-1.308916666666664241e+01
-7.508916666666664241e+01
-1.270891666666666424e+02
-1.670891666666666424e+02
-1.820891666666666424e+02
-1.760891666666666424e+02
-1.510891666666666424e+02
-1.190891666666666424e+02
-8.608916666666664241e+01
-5.808916666666664241e+01
-3.708916666666664241e+01
-2.808916666666664241e+01
-2.208916666666664241e+01
-1.908916666666664241e+01
-1.608916666666664241e+01
-1.608916666666664241e+01
-1.808916666666664241e+01
-1.708916666666664241e+01
-1.408916666666664241e+01
-1.208916666666664241e+01
-1.208916666666664241e+01
-1.008916666666664241e+01
-9.089166666666642413e+00
-7.089166666666642413e+00
-9.089166666666642413e+00
-1.008916666666664241e+01
-1.208916666666664241e+01
-6.089166666666642413e+00
-2.089166666666642413e+00
-8.916666666664241347e-02
1.910833333333357587e+00
2.910833333333357587e+00
1.910833333333357587e+00
1.910833333333357587e+00
-8.916666666664241347e-02
1.910833333333357587e+00
1.910833333333357587e+00
1.910833333333357587e+00
2.910833333333357587e+00
5.910833333333357587e+00
9.910833333333357587e+00
1.291083333333335759e+01
1.591083333333335759e+01
1.691083333333335759e+01
1.591083333333335759e+01
1.591083333333335759e+01
1.691083333333335759e+01
1.391083333333335759e+01
1.291083333333335759e+01
1.591083333333335759e+01
1.991083333333335759e+01
2.491083333333335759e+01
2.591083333333335759e+01
2.891083333333335759e+01
2.991083333333335759e+01
2.991083333333335759e+01
3.191083333333335759e+01
3.291083333333335759e+01
3.091083333333335759e+01
3.491083333333335759e+01
3.791083333333335759e+01
3.891083333333335759e+01
3.891083333333335759e+01
4.391083333333335759e+01
4.791083333333335759e+01
5.091083333333335759e+01
5.191083333333335759e+01
5.591083333333335759e+01
5.791083333333335759e+01
5.891083333333335759e+01
5.991083333333335759e+01
5.791083333333335759e+01
6.291083333333335759e+01
6.391083333333335759e+01
6.491083333333335759e+01
6.491083333333335759e+01
6.691083333333335759e+01
6.791083333333335759e+01
6.791083333333335759e+01
6.891083333333335759e+01
6.991083333333335759e+01
6.891083333333335759e+01
6.591083333333335759e+01
6.291083333333335759e+01
6.291083333333335759e+01
5.991083333333335759e+01
5.991083333333335759e+01
5.891083333333335759e+01
6.291083333333335759e+01
6.391083333333335759e+01
6.291083333333335759e+01
6.291083333333335759e+01
6.191083333333335759e+01
5.791083333333335759e+01
5.291083333333335759e+01
4.791083333333335759e+01
4.391083333333335759e+01
3.891083333333335759e+01
3.891083333333335759e+01
3.691083333333335759e+01
3.491083333333335759e+01
3.291083333333335759e+01
2.991083333333335759e+01
2.691083333333335759e+01
2.191083333333335759e+01
1.591083333333335759e+01
1.291083333333335759e+01
7.910833333333357587e+00
1.910833333333357587e+00
1.910833333333357587e+00
-8.916666666664241347e-02
-1.089166666666642413e+00
-8.916666666664241347e-02
-2.089166666666642413e+00
-4.089166666666642413e+00
-3.089166666666642413e+00
-7.089166666666642413e+00
-1.008916666666664241e+01
-1.308916666666664241e+01
-1.608916666666664241e+01
-1.408916666666664241e+01
-1.308916666666664241e+01
-1.308916666666664241e+01
-1.208916666666664241e+01
-9.089166666666642413e+00
-1.208916666666664241e+01
-1.308916666666664241e+01
-1.208916666666664241e+01
-1.508916666666664241e+01
-1.608916666666664241e+01
-1.708916666666664241e+01
-1.608916666666664241e+01
-1.308916666666664241e+01
-1.408916666666664241e+01
-1.308916666666664241e+01
-1.208916666666664241e+01
-1.108916666666664241e+01
-1.008916666666664241e+01
-9.089166666666642413e+00
-7.089166666666642413e+00
-9.089166666666642413e+00
-8.089166666666642413e+00
-7.089166666666642413e+00
-7.089166666666642413e+00
-8.089166666666642413e+00
-9.089166666666642413e+00
-1.008916666666664241e+01
-9.089166666666642413e+00
-9.089166666666642413e+00
-8.089166666666642413e+00
-8.089166666666642413e+00
-7.089166666666642413e+00
-5.089166666666642413e+00
-8.089166666666642413e+00
-8.089166666666642413e+00
-9.089166666666642413e+00
-1.008916666666664241e+01
-1.308916666666664241e+01
-1.208916666666664241e+01
-1.208916666666664241e+01
-1.208916666666664241e+01
-1.208916666666664241e+01
-1.208916666666664241e+01
-1.208916666666664241e+01
-1.208916666666664241e+01
-1.508916666666664241e+01
-1.608916666666664241e+01
-1.608916666666664241e+01
-1.908916666666664241e+01
-1.908916666666664241e+01
-2.108916666666664241e+01
-2.008916666666664241e+01
-1.708916666666664241e+01
-1.708916666666664241e+01
-1.708916666666664241e+01
-1.508916666666664241e+01
-1.508916666666664241e+01
-1.808916666666664241e+01
-2.008916666666664241e+01
-2.308916666666664241e+01
-2.108916666666664241e+01
-2.408916666666664241e+01
-2.408916666666664241e+01
-2.308916666666664241e+01
-2.108916666666664241e+01
-2.008916666666664241e+01
-2.008916666666664241e+01
-1.908916666666664241e+01
-2.008916666666664241e+01
-2.008916666666664241e+01
-2.208916666666664241e+01
-2.308916666666664241e+01
-2.308916666666664241e+01
-2.508916666666664241e+01
-2.308916666666664241e+01
-2.408916666666664241e+01
-2.308916666666664241e+01
-2.308916666666664241e+01
-2.408916666666664241e+01
-2.208916666666664241e+01
-2.108916666666664241e+01
-2.208916666666664241e+01
-2.408916666666664241e+01
-2.608916666666664241e+01
-2.408916666666664241e+01
-2.508916666666664241e+01
-2.608916666666664241e+01
-2.608916666666664241e+01
-2.508916666666664241e+01
-2.708916666666664241e+01
-2.308916666666664241e+01
-2.408916666666664241e+01
-2.208916666666664241e+01
-2.308916666666664241e+01
-2.308916666666664241e+01
-2.508916666666664241e+01
-2.408916666666664241e+01
-2.908916666666664241e+01
-2.708916666666664241e+01
-2.808916666666664241e+01
-2.408916666666664241e+01
-2.608916666666664241e+01
-2.408916666666664241e+01
-2.408916666666664241e+01
-2.308916666666664241e+01
-2.408916666666664241e+01
-2.808916666666664241e+01
-2.708916666666664241e+01
-2.608916666666664241e+01
-2.608916666666664241e+01
-2.608916666666664241e+01
-2.608916666666664241e+01
-2.608916666666664241e+01
-2.608916666666664241e+01
-2.408916666666664241e+01
-2.508916666666664241e+01
-2.508916666666664241e+01
-2.108916666666664241e+01
-2.208916666666664241e+01
-2.308916666666664241e+01
-2.408916666666664241e+01
-2.508916666666664241e+01
-2.308916666666664241e+01
-2.408916666666664241e+01
-2.508916666666664241e+01
-2.708916666666664241e+01
-2.508916666666664241e+01
-2.608916666666664241e+01
-2.408916666666664241e+01
-2.508916666666664241e+01
-2.408916666666664241e+01
-2.708916666666664241e+01
-2.508916666666664241e+01
-2.608916666666664241e+01
-2.508916666666664241e+01
-2.508916666666664241e+01
-2.408916666666664241e+01
-1.808916666666664241e+01
-1.708916666666664241e+01
-1.608916666666664241e+01
-1.408916666666664241e+01
-1.508916666666664241e+01
-1.308916666666664241e+01
-1.308916666666664241e+01
-1.208916666666664241e+01
-1.408916666666664241e+01
-1.108916666666664241e+01
-1.008916666666664241e+01
-4.089166666666642413e+00
-3.089166666666642413e+00
-2.089166666666642413e+00
-2.089166666666642413e+00
9.108333333333575865e-01
1.910833333333357587e+00
-1.089166666666642413e+00
-2.089166666666642413e+00
-4.089166666666642413e+00
-2.089166666666642413e+00
-4.089166666666642413e+00
-4.089166666666642413e+00
-5.089166666666642413e+00
-9.089166666666642413e+00
-7.089166666666642413e+00
-1.208916666666664241e+01
-1.208916666666664241e+01
-1.508916666666664241e+01
-1.808916666666664241e+01
-2.108916666666664241e+01
-2.508916666666664241e+01
-2.708916666666664241e+01
-2.808916666666664241e+01
-2.908916666666664241e+01
-3.308916666666664241e+01
-3.108916666666664241e+01
-3.108916666666664241e+01
-3.008916666666664241e+01
-3.308916666666664241e+01
-3.208916666666664241e+01
-3.408916666666664241e+01
-3.408916666666664241e+01
-3.408916666666664241e+01
-3.708916666666664241e+01
-3.508916666666664241e+01
-3.508916666666664241e+01
-3.308916666666664241e+01
-3.308916666666664241e+01
-3.208916666666664241e+01
-3.108916666666664241e+01
-3.008916666666664241e+01
-3.108916666666664241e+01
-3.308916666666664241e+01
-3.408916666666664241e+01
-3.608916666666664241e+01
-3.508916666666664241e+01
-3.308916666666664241e+01
-3.208916666666664241e+01
-2.908916666666664241e+01
-2.608916666666664241e+01
-2.308916666666664241e+01
-2.308916666666664241e+01
-2.108916666666664241e+01
-2.008916666666664241e+01
-2.208916666666664241e+01
-2.308916666666664241e+01
-2.008916666666664241e+01
-1.208916666666664241e+01
-3.089166666666642413e+00
1.291083333333335759e+01
2.991083333333335759e+01
5.091083333333335759e+01
8.091083333333335759e+01
1.119108333333333576e+02
1.469108333333333576e+02
1.819108333333333576e+02
2.049108333333333576e+02
2.219108333333333576e+02
2.219108333333333576e+02
2.049108333333333576e+02
1.689108333333333576e+02
1.179108333333333576e+02
5.491083333333335759e+01
-1.408916666666664241e+01
-7.608916666666664241e+01
-1.320891666666666424e+02
-1.680891666666666424e+02
-1.810891666666666424e+02
-1.740891666666666424e+02
-1.510891666666666424e+02
-1.190891666666666424e+02
-9.408916666666664241e+01
-6.608916666666664241e+01
-4.408916666666664241e+01
-3.008916666666664241e+01
-2.008916666666664241e+01
-1.508916666666664241e+01
-1.208916666666664241e+01
-1.308916666666664241e+01
-1.708916666666664241e+01
-1.408916666666664241e+01
-1.708916666666664241e+01
-1.708916666666664241e+01
-1.808916666666664241e+01
-1.608916666666664241e+01
-1.608916666666664241e+01
-1.708916666666664241e+01
-1.508916666666664241e+01
-1.008916666666664241e+01
-9.089166666666642413e+00
-8.089166666666642413e+00
-7.089166666666642413e+00
-8.089166666666642413e+00
-1.008916666666664241e+01
-1.008916666666664241e+01
-8.089166666666642413e+00
-8.089166666666642413e+00
-6.089166666666642413e+00
-5.089166666666642413e+00
-3.089166666666642413e+00
-2.089166666666642413e+00
1.910833333333357587e+00
3.910833333333357587e+00
4.910833333333357587e+00
3.910833333333357587e+00
3.910833333333357587e+00
5.910833333333357587e+00
2.910833333333357587e+00
5.910833333333357587e+00
9.910833333333357587e+00
1.091083333333335759e+01
1.391083333333335759e+01
1.791083333333335759e+01
1.891083333333335759e+01
2.091083333333335759e+01
1.891083333333335759e+01
2.191083333333335759e+01
2.291083333333335759e+01
2.191083333333335759e+01
2.391083333333335759e+01
2.491083333333335759e+01
2.991083333333335759e+01
3.291083333333335759e+01
3.491083333333335759e+01
3.791083333333335759e+01
3.891083333333335759e+01
3.991083333333335759e+01
3.891083333333335759e+01
4.091083333333335759e+01
4.091083333333335759e+01
4.391083333333335759e+01
4.491083333333335759e+01
4.991083333333335759e+01
5.191083333333335759e+01
5.491083333333335759e+01
5.991083333333335759e+01
6.291083333333335759e+01
6.191083333333335759e+01
6.391083333333335759e+01
6.291083333333335759e+01
6.291083333333335759e+01
6.391083333333335759e+01
6.291083333333335759e+01
6.491083333333335759e+01
6.391083333333335759e+01
6.391083333333335759e+01
6.891083333333335759e+01
6.891083333333335759e+01
6.891083333333335759e+01
6.891083333333335759e+01
6.891083333333335759e+01
6.891083333333335759e+01
6.591083333333335759e+01
6.391083333333335759e+01
6.091083333333335759e+01
6.191083333333335759e+01
5.891083333333335759e+01
6.091083333333335759e+01
6.091083333333335759e+01
5.991083333333335759e+01
5.591083333333335759e+01
5.491083333333335759e+01
4.791083333333335759e+01
4.391083333333335759e+01
3.691083333333335759e+01
3.391083333333335759e+01
3.191083333333335759e+01
2.591083333333335759e+01
2.091083333333335759e+01
1.891083333333335759e+01
1.791083333333335759e+01
1.391083333333335759e+01
1.291083333333335759e+01
7.910833333333357587e+00
7.910833333333357587e+00
2.910833333333357587e+00
-8.916666666664241347e-02
-5.089166666666642413e+00
-1.008916666666664241e+01
-1.208916666666664241e+01
-1.408916666666664241e+01
-1.508916666666664241e+01
-1.508916666666664241e+01
-1.308916666666664241e+01
-1.308916666666664241e+01
-1.208916666666664241e+01
-1.308916666666664241e+01
-1.508916666666664241e+01
-1.508916666666664241e+01
-1.708916666666664241e+01
-2.008916666666664241e+01
-2.008916666666664241e+01
-2.008916666666664241e+01
-1.808916666666664241e+01
-1.608916666666664241e+01
-1.608916666666664241e+01
-1.308916666666664241e+01
-1.408916666666664241e+01
-1.308916666666664241e+01
-1.308916666666664241e+01
-1.708916666666664241e+01
-1.908916666666664241e+01
-1.508916666666664241e+01
-1.808916666666664241e+01
-1.808916666666664241e+01
-1.408916666666664241e+01
-1.308916666666664241e+01
-1.108916666666664241e+01
-1.108916666666664241e+01
-1.108916666666664241e+01
-1.308916666666664241e+01
-1.508916666666664241e+01
-1.308916666666664241e+01
-1.408916666666664241e+01
-1.608916666666664241e+01
-1.408916666666664241e+01
-1.508916666666664241e+01
-1.208916666666664241e+01
-1.008916666666664241e+01
-1.108916666666664241e+01
-1.208916666666664241e+01
-1.308916666666664241e+01
-1.308916666666664241e+01
-1.108916666666664241e+01
-1.308916666666664241e+01
-1.108916666666664241e+01
-1.208916666666664241e+01
-1.508916666666664241e+01
-1.708916666666664241e+01
-1.708916666666664241e+01
-1.508916666666664241e+01
-1.308916666666664241e+01
-1.408916666666664241e+01
-1.508916666666664241e+01
-1.408916666666664241e+01
-1.308916666666664241e+01
-1.708916666666664241e+01
-1.808916666666664241e+01
-2.008916666666664241e+01
-2.208916666666664241e+01
-2.508916666666664241e+01
-2.408916666666664241e+01
-2.208916666666664241e+01
-2.108916666666664241e+01
-1.908916666666664241e+01
-2.008916666666664241e+01
-1.708916666666664241e+01
-1.808916666666664241e+01
-2.008916666666664241e+01
-1.908916666666664241e+01
-2.308916666666664241e+01
-2.408916666666664241e+01
-2.608916666666664241e+01
-2.408916666666664241e+01
-2.208916666666664241e+01
-2.308916666666664241e+01
-2.008916666666664241e+01
-1.908916666666664241e+01
-2.008916666666664241e+01
-2.308916666666664241e+01
-2.508916666666664241e+01
-2.508916666666664241e+01
-2.508916666666664241e+01
-2.608916666666664241e+01
-2.608916666666664241e+01
-2.708916666666664241e+01
-2.508916666666664241e+01
-2.408916666666664241e+01
-2.408916666666664241e+01
-2.308916666666664241e+01
-2.308916666666664241e+01
-2.208916666666664241e+01
-2.208916666666664241e+01
-2.308916666666664241e+01
-2.208916666666664241e+01
-2.508916666666664241e+01
-2.508916666666664241e+01
-2.308916666666664241e+01
-2.408916666666664241e+01
-2.308916666666664241e+01
-2.208916666666664241e+01
-2.308916666666664241e+01
-1.908916666666664241e+01
-1.808916666666664241e+01
-1.808916666666664241e+01
-1.908916666666664241e+01
-1.808916666666664241e+01
-2.008916666666664241e+01
-2.208916666666664241e+01
-1.608916666666664241e+01
-1.508916666666664241e+01
-1.008916666666664241e+01
-4.089166666666642413e+00
-3.089166666666642413e+00
-8.916666666664241347e-02
1.910833333333357587e+00
-8.916666666664241347e-02
2.910833333333357587e+00
3.910833333333357587e+00
2.910833333333357587e+00
3.910833333333357587e+00
3.910833333333357587e+00
3.910833333333357587e+00
7.910833333333357587e+00
6.910833333333357587e+00
3.910833333333357587e+00
1.910833333333357587e+00
-1.089166666666642413e+00
-1.089166666666642413e+00
-4.089166666666642413e+00
-6.089166666666642413e+00
-9.089166666666642413e+00
-1.208916666666664241e+01
-1.308916666666664241e+01
-1.408916666666664241e+01
-1.208916666666664241e+01
-1.108916666666664241e+01
-1.508916666666664241e+01
-1.908916666666664241e+01
-2.208916666666664241e+01
-2.508916666666664241e+01
-3.108916666666664241e+01
-3.108916666666664241e+01
-3.208916666666664241e+01
-3.108916666666664241e+01
-3.108916666666664241e+01
-2.908916666666664241e+01
-2.808916666666664241e+01
-2.608916666666664241e+01
-2.608916666666664241e+01
-2.608916666666664241e+01
-2.808916666666664241e+01
-2.808916666666664241e+01
-2.808916666666664241e+01
-2.908916666666664241e+01
-3.008916666666664241e+01
-2.808916666666664241e+01
-2.808916666666664241e+01
-2.708916666666664241e+01
-2.708916666666664241e+01
-2.908916666666664241e+01
-2.808916666666664241e+01
-2.808916666666664241e+01
-2.308916666666664241e+01
-2.408916666666664241e+01
-2.408916666666664241e+01
-2.108916666666664241e+01
-2.208916666666664241e+01
-2.008916666666664241e+01
-1.808916666666664241e+01
-1.508916666666664241e+01
-1.008916666666664241e+01
-4.089166666666642413e+00
8.910833333333357587e+00
2.591083333333335759e+01
4.591083333333335759e+01
7.191083333333335759e+01
1.019108333333333576e+02
1.359108333333333576e+02
1.709108333333333576e+02
2.049108333333333576e+02
2.289108333333333576e+02
2.409108333333333576e+02
2.309108333333333576e+02
1.969108333333333576e+02
1.409108333333333576e+02
7.191083333333335759e+01
-1.008916666666664241e+01
-8.908916666666664241e+01
-1.520891666666666424e+02
-1.890891666666666424e+02
-1.930891666666666424e+02
-1.750891666666666424e+02
-1.430891666666666424e+02
-1.090891666666666424e+02
-7.308916666666664241e+01
-4.508916666666664241e+01
-2.608916666666664241e+01
-1.308916666666664241e+01
-7.089166666666642413e+00
-7.089166666666642413e+00
-1.008916666666664241e+01
-1.308916666666664241e+01
-1.408916666666664241e+01
-1.308916666666664241e+01
-1.308916666666664241e+01
-1.108916666666664241e+01
-9.089166666666642413e+00
-5.089166666666642413e+00
-2.089166666666642413e+00
-1.089166666666642413e+00
-2.089166666666642413e+00
-1.089166666666642413e+00
-1.089166666666642413e+00
-1.089166666666642413e+00
-1.089166666666642413e+00
-2.089166666666642413e+00
9.108333333333575865e-01
1.910833333333357587e+00
1.910833333333357587e+00
5.910833333333357587e+00
6.910833333333357587e+00
8.910833333333357587e+00
1.291083333333335759e+01
1.091083333333335759e+01
8.910833333333357587e+00
8.910833333333357587e+00
1.191083333333335759e+01
1.091083333333335759e+01
1.391083333333335759e+01
1.691083333333335759e+01
1.691083333333335759e+01
1.991083333333335759e+01
2.391083333333335759e+01
2.491083333333335759e+01
2.691083333333335759e+01
2.691083333333335759e+01
2.991083333333335759e+01
2.691083333333335759e+01
2.791083333333335759e+01
2.891083333333335759e+01
3.191083333333335759e+01
3.391083333333335759e+01
3.991083333333335759e+01
4.591083333333335759e+01
4.591083333333335759e+01
5.091083333333335759e+01
5.091083333333335759e+01
5.191083333333335759e+01
5.291083333333335759e+01
5.391083333333335759e+01
5.691083333333335759e+01
5.791083333333335759e+01
6.191083333333335759e+01
6.491083333333335759e+01
6.791083333333335759e+01
7.191083333333335759e+01
7.491083333333335759e+01
7.591083333333335759e+01
7.591083333333335759e+01
7.591083333333335759e+01
7.691083333333335759e+01
7.891083333333335759e+01
7.591083333333335759e+01
7.591083333333335759e+01
7.591083333333335759e+01
7.891083333333335759e+01
7.591083333333335759e+01
7.591083333333335759e+01
7.691083333333335759e+01
7.691083333333335759e+01
7.691083333333335759e+01
7.591083333333335759e+01
7.491083333333335759e+01
7.291083333333335759e+01
7.291083333333335759e+01
7.091083333333335759e+01
6.891083333333335759e+01
6.791083333333335759e+01
6.591083333333335759e+01
6.391083333333335759e+01
5.991083333333335759e+01
5.691083333333335759e+01
5.291083333333335759e+01
4.991083333333335759e+01
4.591083333333335759e+01
3.991083333333335759e+01
3.391083333333335759e+01
3.091083333333335759e+01
2.491083333333335759e+01
2.091083333333335759e+01
1.991083333333335759e+01
2.091083333333335759e+01
1.691083333333335759e+01
1.391083333333335759e+01
1.191083333333335759e+01
6.910833333333357587e+00
9.108333333333575865e-01
-4.089166666666642413e+00
-8.089166666666642413e+00
-6.089166666666642413e+00
-6.089166666666642413e+00
-6.089166666666642413e+00
-7.089166666666642413e+00
-5.089166666666642413e+00
-7.089166666666642413e+00
-7.089166666666642413e+00
-8.089166666666642413e+00
-9.089166666666642413e+00
-1.008916666666664241e+01
-1.208916666666664241e+01
-1.208916666666664241e+01
-1.108916666666664241e+01
-1.208916666666664241e+01
-8.089166666666642413e+00
-8.089166666666642413e+00
-8.089166666666642413e+00
-8.089166666666642413e+00
-6.089166666666642413e+00
-7.089166666666642413e+00
-6.089166666666642413e+00
-7.089166666666642413e+00
-7.089166666666642413e+00
-6.089166666666642413e+00
-6.089166666666642413e+00
-5.089166666666642413e+00
-4.089166666666642413e+00
-6.089166666666642413e+00
-3.089166666666642413e+00
-3.089166666666642413e+00
-3.089166666666642413e+00
-5.089166666666642413e+00
-4.089166666666642413e+00
-4.089166666666642413e+00
-5.089166666666642413e+00
-6.089166666666642413e+00
-8.089166666666642413e+00
-7.089166666666642413e+00
-8.089166666666642413e+00
-6.089166666666642413e+00
-4.089166666666642413e+00
-6.089166666666642413e+00
-6.089166666666642413e+00
-8.089166666666642413e+00
-8.089166666666642413e+00
-7.089166666666642413e+00
-8.089166666666642413e+00
-1.008916666666664241e+01
-1.208916666666664241e+01
-1.008916666666664241e+01
-1.108916666666664241e+01
-1.408916666666664241e+01
-1.208916666666664241e+01
-1.108916666666664241e+01
-1.108916666666664241e+01
-9.089166666666642413e+00
-1.108916666666664241e+01
-1.308916666666664241e+01
-1.408916666666664241e+01
-1.808916666666664241e+01
-1.808916666666664241e+01
-1.908916666666664241e+01
-1.908916666666664241e+01
-2.008916666666664241e+01
-1.508916666666664241e+01
-1.508916666666664241e+01
-1.508916666666664241e+01
-1.708916666666664241e+01
-1.908916666666664241e+01
-2.208916666666664241e+01
-2.308916666666664241e+01
-2.408916666666664241e+01
-2.408916666666664241e+01
-2.308916666666664241e+01
-2.008916666666664241e+01
-2.008916666666664241e+01
-2.008916666666664241e+01
-1.908916666666664241e+01
-1.808916666666664241e+01
-2.008916666666664241e+01
-2.108916666666664241e+01
-2.408916666666664241e+01
-2.308916666666664241e+01
-2.508916666666664241e+01
-2.408916666666664241e+01
-2.508916666666664241e+01
-2.308916666666664241e+01
-2.408916666666664241e+01
-2.208916666666664241e+01
-2.208916666666664241e+01
-2.208916666666664241e+01
-2.308916666666664241e+01
-2.408916666666664241e+01
-2.408916666666664241e+01
-2.308916666666664241e+01
-2.508916666666664241e+01
-2.408916666666664241e+01
-2.208916666666664241e+01
-2.308916666666664241e+01
-2.508916666666664241e+01
-2.408916666666664241e+01
-2.508916666666664241e+01
-2.008916666666664241e+01
-2.108916666666664241e+01
-2.108916666666664241e+01
-2.108916666666664241e+01
-2.108916666666664241e+01
-2.008916666666664241e+01
-2.008916666666664241e+01
-2.008916666666664241e+01
-1.908916666666664241e+01
-1.608916666666664241e+01
-1.208916666666664241e+01
-1.208916666666664241e+01
-1.008916666666664241e+01
-7.089166666666642413e+00
-8.089166666666642413e+00
-7.089166666666642413e+00
-5.089166666666642413e+00
-5.089166666666642413e+00
-5.089166666666642413e+00
-5.089166666666642413e+00
-5.089166666666642413e+00
9.108333333333575865e-01
2.910833333333357587e+00
4.910833333333357587e+00
3.910833333333357587e+00
1.910833333333357587e+00
-2.089166666666642413e+00
-2.089166666666642413e+00
-5.089166666666642413e+00
-9.089166666666642413e+00
-1.008916666666664241e+01
-1.208916666666664241e+01
-1.208916666666664241e+01
-1.208916666666664241e+01
-1.408916666666664241e+01
-1.708916666666664241e+01
-1.608916666666664241e+01
-1.808916666666664241e+01
-1.908916666666664241e+01
-2.208916666666664241e+01
-2.908916666666664241e+01
-3.108916666666664241e+01
-3.308916666666664241e+01
-3.208916666666664241e+01
-3.208916666666664241e+01
-2.908916666666664241e+01
-2.808916666666664241e+01
-3.008916666666664241e+01
-2.908916666666664241e+01
-2.908916666666664241e+01
-3.108916666666664241e+01
-3.008916666666664241e+01
-3.208916666666664241e+01
-3.208916666666664241e+01
-3.208916666666664241e+01
-3.308916666666664241e+01
-3.108916666666664241e+01
-2.908916666666664241e+01
-2.808916666666664241e+01
-2.808916666666664241e+01
-2.708916666666664241e+01
-2.808916666666664241e+01
-3.008916666666664241e+01
-2.708916666666664241e+01
-2.608916666666664241e+01
-2.808916666666664241e+01
-2.508916666666664241e+01
-2.408916666666664241e+01
-1.908916666666664241e+01
-1.608916666666664241e+01
-1.308916666666664241e+01
-9.089166666666642413e+00
-2.089166666666642413e+00
2.910833333333357587e+00
1.391083333333335759e+01
2.691083333333335759e+01
4.791083333333335759e+01
6.791083333333335759e+01
9.391083333333335759e+01
1.229108333333333576e+02
1.539108333333333576e+02
1.749108333333333576e+02
1.919108333333333576e+02
1.929108333333333576e+02
1.809108333333333576e+02
1.469108333333333576e+02
1.019108333333333576e+02
4.291083333333335759e+01
-1.908916666666664241e+01
-8.008916666666664241e+01
-1.320891666666666424e+02
-1.610891666666666424e+02
-1.670891666666666424e+02
-1.520891666666666424e+02
-1.230891666666666424e+02
-9.008916666666664241e+01
-6.208916666666664241e+01
-4.008916666666664241e+01
-2.708916666666664241e+01
-2.108916666666664241e+01
-2.008916666666664241e+01
-1.808916666666664241e+01
-2.108916666666664241e+01
-2.008916666666664241e+01
-1.908916666666664241e+01
-1.808916666666664241e+01
-1.508916666666664241e+01
-1.208916666666664241e+01
-1.108916666666664241e+01
-9.089166666666642413e+00
-1.308916666666664241e+01
-1.008916666666664241e+01
-1.108916666666664241e+01
-9.089166666666642413e+00
-1.008916666666664241e+01
-6.089166666666642413e+00
-5.089166666666642413e+00
-8.916666666664241347e-02
-1.089166666666642413e+00
9.108333333333575865e-01
3.910833333333357587e+00
4.910833333333357587e+00
3.910833333333357587e+00
3.910833333333357587e+00
2.910833333333357587e+00
-1.089166666666642413e+00
-8.916666666664241347e-02
2.910833333333357587e+00
9.108333333333575865e-01
3.910833333333357587e+00
5.910833333333357587e+00
9.910833333333357587e+00
1.191083333333335759e+01
1.391083333333335759e+01
1.491083333333335759e+01
1.591083333333335759e+01
1.291083333333335759e+01
1.491083333333335759e+01
1.491083333333335759e+01
1.891083333333335759e+01
2.091083333333335759e+01
2.391083333333335759e+01
2.791083333333335759e+01
2.891083333333335759e+01
3.191083333333335759e+01
3.491083333333335759e+01
3.291083333333335759e+01
3.391083333333335759e+01
3.591083333333335759e+01
3.791083333333335759e+01
3.791083333333335759e+01
3.991083333333335759e+01
4.691083333333335759e+01
4.991083333333335759e+01
5.491083333333335759e+01
5.691083333333335759e+01
5.791083333333335759e+01
5.991083333333335759e+01
5.491083333333335759e+01
5.691083333333335759e+01
5.591083333333335759e+01
5.791083333333335759e+01
5.791083333333335759e+01
5.891083333333335759e+01
6.391083333333335759e+01
6.491083333333335759e+01
6.691083333333335759e+01
6.591083333333335759e+01
6.591083333333335759e+01
6.491083333333335759e+01
6.491083333333335759e+01
6.391083333333335759e+01
6.091083333333335759e+01
6.091083333333335759e+01
5.791083333333335759e+01
5.891083333333335759e+01
5.791083333333335759e+01
5.291083333333335759e+01
5.491083333333335759e+01
5.391083333333335759e+01
5.291083333333335759e+01
4.891083333333335759e+01
4.391083333333335759e+01
3.991083333333335759e+01
3.791083333333335759e+01
3.391083333333335759e+01
2.891083333333335759e+01
2.391083333333335759e+01
2.291083333333335759e+01
1.991083333333335759e+01
1.691083333333335759e+01
1.391083333333335759e+01
1.191083333333335759e+01
6.910833333333357587e+00
2.910833333333357587e+00
-8.916666666664241347e-02
-6.089166666666642413e+00
-7.089166666666642413e+00
-1.008916666666664241e+01
-1.208916666666664241e+01
-1.008916666666664241e+01
-1.108916666666664241e+01
-1.308916666666664241e+01
-1.308916666666664241e+01
-1.208916666666664241e+01
-1.208916666666664241e+01
-1.508916666666664241e+01
-1.708916666666664241e+01
-1.708916666666664241e+01
-2.008916666666664241e+01
-2.308916666666664241e+01
-2.108916666666664241e+01
-1.608916666666664241e+01
-1.808916666666664241e+01
-1.708916666666664241e+01
-1.508916666666664241e+01
-1.508916666666664241e+01
-1.908916666666664241e+01
-2.108916666666664241e+01
-2.208916666666664241e+01
-2.308916666666664241e+01
-2.308916666666664241e+01
-2.408916666666664241e+01
-2.208916666666664241e+01
-2.108916666666664241e+01
-2.108916666666664241e+01
-2.008916666666664241e+01
-1.808916666666664241e+01
-1.908916666666664241e+01
-1.908916666666664241e+01
-1.708916666666664241e+01
-1.708916666666664241e+01
-1.908916666666664241e+01
-1.808916666666664241e+01
-1.908916666666664241e+01
-1.908916666666664241e+01
-1.808916666666664241e+01
-1.808916666666664241e+01
-1.608916666666664241e+01
-1.508916666666664241e+01
-1.708916666666664241e+01
-1.608916666666664241e+01
-1.608916666666664241e+01
-1.608916666666664241e+01
-1.908916666666664241e+01
-2.208916666666664241e+01
-2.208916666666664241e+01
-2.208916666666664241e+01
-2.108916666666664241e+01
-2.308916666666664241e+01
-2.208916666666664241e+01
-2.008916666666664241e+01
-2.008916666666664241e+01
-2.108916666666664241e+01
-2.208916666666664241e+01
-2.308916666666664241e+01
-2.608916666666664241e+01
-2.608916666666664241e+01
-2.808916666666664241e+01
-2.808916666666664241e+01
-2.508916666666664241e+01
-2.508916666666664241e+01
-2.408916666666664241e+01
-2.408916666666664241e+01
-2.208916666666664241e+01
-2.408916666666664241e+01
-2.508916666666664241e+01
-2.808916666666664241e+01
-3.008916666666664241e+01
-3.108916666666664241e+01
-3.008916666666664241e+01
-3.008916666666664241e+01
-2.808916666666664241e+01
-2.908916666666664241e+01
-2.708916666666664241e+01
-2.708916666666664241e+01
-2.608916666666664241e+01
-2.608916666666664241e+01
-3.008916666666664241e+01
-3.108916666666664241e+01
-3.308916666666664241e+01
-3.108916666666664241e+01
-3.108916666666664241e+01
-3.008916666666664241e+01
-2.908916666666664241e+01
-2.908916666666664241e+01
-2.608916666666664241e+01
-2.708916666666664241e+01
-2.608916666666664241e+01
-2.908916666666664241e+01
-2.908916666666664241e+01
-3.008916666666664241e+01
-2.808916666666664241e+01
-3.108916666666664241e+01
-3.108916666666664241e+01
-2.808916666666664241e+01
-2.808916666666664241e+01
-2.908916666666664241e+01
-2.708916666666664241e+01
-2.608916666666664241e+01
-2.608916666666664241e+01
-2.508916666666664241e+01
-2.408916666666664241e+01
-2.608916666666664241e+01
-2.908916666666664241e+01
-3.008916666666664241e+01
-2.908916666666664241e+01
-2.808916666666664241e+01
-3.008916666666664241e+01
-2.608916666666664241e+01
-2.608916666666664241e+01
-2.408916666666664241e+01
-2.108916666666664241e+01
-1.808916666666664241e+01
-1.808916666666664241e+01
-1.808916666666664241e+01
-1.808916666666664241e+01
-1.608916666666664241e+01
-1.608916666666664241e+01
-1.408916666666664241e+01
-1.308916666666664241e+01
-7.089166666666642413e+00
-4.089166666666642413e+00
-1.089166666666642413e+00
-1.089166666666642413e+00
-8.916666666664241347e-02
-1.089166666666642413e+00
-6.089166666666642413e+00
-8.089166666666642413e+00
-1.008916666666664241e+01
-1.008916666666664241e+01
-9.089166666666642413e+00
-1.108916666666664241e+01
-1.308916666666664241e+01
-1.208916666666664241e+01
-1.608916666666664241e+01
-1.908916666666664241e+01
-2.208916666666664241e+01
-2.608916666666664241e+01
-2.808916666666664241e+01
-2.908916666666664241e+01
-3.408916666666664241e+01
-3.808916666666664241e+01
-3.608916666666664241e+01
-3.808916666666664241e+01
-3.908916666666664241e+01
-3.508916666666664241e+01
-3.408916666666664241e+01
-3.508916666666664241e+01
-3.708916666666664241e+01
-3.508916666666664241e+01
-3.808916666666664241e+01
-3.908916666666664241e+01
-3.808916666666664241e+01
-3.808916666666664241e+01
-3.808916666666664241e+01
-3.808916666666664241e+01
-3.608916666666664241e+01
-3.608916666666664241e+01
-3.508916666666664241e+01
-3.608916666666664241e+01
-3.508916666666664241e+01
-3.508916666666664241e+01
-3.608916666666664241e+01
-3.608916666666664241e+01
-3.708916666666664241e+01
-3.708916666666664241e+01
-3.708916666666664241e+01
-3.508916666666664241e+01
-3.308916666666664241e+01
-3.108916666666664241e+01
-3.108916666666664241e+01
-2.608916666666664241e+01
-2.508916666666664241e+01
-2.308916666666664241e+01
-2.008916666666664241e+01
-1.908916666666664241e+01
-1.508916666666664241e+01
-8.089166666666642413e+00
7.910833333333357587e+00
2.991083333333335759e+01
5.791083333333335759e+01
9.191083333333335759e+01
1.319108333333333576e+02
1.709108333333333576e+02
2.089108333333333576e+02
2.389108333333333576e+02
2.499108333333333576e+02
2.449108333333333576e+02
2.179108333333333576e+02
1.689108333333333576e+02
1.019108333333333576e+02
2.491083333333335759e+01
-5.508916666666664241e+01
-1.290891666666666424e+02
-1.870891666666666424e+02
-2.180891666666666424e+02
-2.170891666666666424e+02
-1.960891666666666424e+02
-1.570891666666666424e+02
-1.190891666666666424e+02
-8.308916666666664241e+01
-5.208916666666664241e+01
-3.508916666666664241e+01
-1.908916666666664241e+01
-1.608916666666664241e+01
-1.408916666666664241e+01
-1.508916666666664241e+01
-1.608916666666664241e+01
-1.608916666666664241e+01
-1.608916666666664241e+01
-1.908916666666664241e+01
-1.808916666666664241e+01
-1.308916666666664241e+01
-1.508916666666664241e+01
-1.208916666666664241e+01
-1.008916666666664241e+01
-1.008916666666664241e+01
-7.089166666666642413e+00
-5.089166666666642413e+00
-6.089166666666642413e+00
-5.089166666666642413e+00
-5.089166666666642413e+00
-6.089166666666642413e+00
-6.089166666666642413e+00
-4.089166666666642413e+00
-5.089166666666642413e+00
-3.089166666666642413e+00
-2.089166666666642413e+00
1.910833333333357587e+00
9.108333333333575865e-01
9.108333333333575865e-01
2.910833333333357587e+00
4.910833333333357587e+00
6.910833333333357587e+00
4.910833333333357587e+00
5.910833333333357587e+00
4.910833333333357587e+00
7.910833333333357587e+00
7.910833333333357587e+00
1.191083333333335759e+01
1.291083333333335759e+01
1.591083333333335759e+01
1.791083333333335759e+01
2.191083333333335759e+01
2.391083333333335759e+01
2.691083333333335759e+01
2.791083333333335759e+01
2.791083333333335759e+01
2.991083333333335759e+01
2.791083333333335759e+01
3.191083333333335759e+01
3.491083333333335759e+01
3.891083333333335759e+01
4.191083333333335759e+01
4.591083333333335759e+01
4.891083333333335759e+01
5.191083333333335759e+01
5.291083333333335759e+01
5.191083333333335759e+01
5.191083333333335759e+01
5.391083333333335759e+01
5.391083333333335759e+01
5.591083333333335759e+01
5.991083333333335759e+01
6.291083333333335759e+01
6.591083333333335759e+01
6.691083333333335759e+01
7.091083333333335759e+01
7.091083333333335759e+01
6.991083333333335759e+01
6.691083333333335759e+01
6.791083333333335759e+01
6.491083333333335759e+01
6.491083333333335759e+01
6.491083333333335759e+01
6.591083333333335759e+01
6.691083333333335759e+01
6.891083333333335759e+01
6.891083333333335759e+01
6.791083333333335759e+01
6.791083333333335759e+01
6.491083333333335759e+01
6.291083333333335759e+01
5.891083333333335759e+01
5.591083333333335759e+01
5.491083333333335759e+01
5.291083333333335759e+01
5.291083333333335759e+01
4.791083333333335759e+01
4.791083333333335759e+01
4.291083333333335759e+01
3.991083333333335759e+01
3.691083333333335759e+01
3.191083333333335759e+01
2.691083333333335759e+01
2.091083333333335759e+01
1.991083333333335759e+01
1.391083333333335759e+01
1.091083333333335759e+01
6.910833333333357587e+00
5.910833333333357587e+00
5.910833333333357587e+00
3.910833333333357587e+00
-1.089166666666642413e+00
-2.089166666666642413e+00
-5.089166666666642413e+00
-4.089166666666642413e+00
-7.089166666666642413e+00
-8.089166666666642413e+00
-1.108916666666664241e+01
-1.108916666666664241e+01
-1.108916666666664241e+01
-1.208916666666664241e+01
-1.308916666666664241e+01
-1.308916666666664241e+01
-1.308916666666664241e+01
-1.608916666666664241e+01
-1.608916666666664241e+01
-1.608916666666664241e+01
-1.608916666666664241e+01
-1.608916666666664241e+01
-1.508916666666664241e+01
-1.408916666666664241e+01
-1.508916666666664241e+01
-1.308916666666664241e+01
-1.208916666666664241e+01
-9.089166666666642413e+00
-8.089166666666642413e+00
-7.089166666666642413e+00
-9.089166666666642413e+00
-6.089166666666642413e+00
-9.089166666666642413e+00
-9.089166666666642413e+00
-1.008916666666664241e+01
-1.108916666666664241e+01
-1.008916666666664241e+01
-1.008916666666664241e+01
-9.089166666666642413e+00
-7.089166666666642413e+00
-6.089166666666642413e+00
-6.089166666666642413e+00
-5.089166666666642413e+00
-7.089166666666642413e+00
-8.089166666666642413e+00
-1.008916666666664241e+01
-1.108916666666664241e+01
-1.108916666666664241e+01
-9.089166666666642413e+00
-1.008916666666664241e+01
-7.089166666666642413e+00
-5.089166666666642413e+00
-5.089166666666642413e+00
-8.089166666666642413e+00
-9.089166666666642413e+00
-1.108916666666664241e+01
-1.208916666666664241e+01
-1.308916666666664241e+01
-1.308916666666664241e+01
-1.508916666666664241e+01
-1.208916666666664241e+01
-1.308916666666664241e+01
-1.208916666666664241e+01
-1.408916666666664241e+01
-1.308916666666664241e+01
-1.408916666666664241e+01
-1.608916666666664241e+01
-1.708916666666664241e+01
-1.908916666666664241e+01
-2.108916666666664241e+01
-2.108916666666664241e+01
-2.108916666666664241e+01
-1.808916666666664241e+01
-1.908916666666664241e+01
-1.908916666666664241e+01
-2.008916666666664241e+01
-2.108916666666664241e+01
-2.308916666666664241e+01
-2.108916666666664241e+01
-2.508916666666664241e+01
-2.508916666666664241e+01
-2.608916666666664241e+01
-2.808916666666664241e+01
-2.608916666666664241e+01
-2.508916666666664241e+01
-2.508916666666664241e+01
-2.508916666666664241e+01
-2.508916666666664241e+01
-2.408916666666664241e+01
-2.308916666666664241e+01
-2.608916666666664241e+01
-2.808916666666664241e+01
-2.808916666666664241e+01
-2.708916666666664241e+01
-2.708916666666664241e+01
-2.708916666666664241e+01
-2.608916666666664241e+01
-2.608916666666664241e+01
-2.608916666666664241e+01
-2.208916666666664241e+01
-2.708916666666664241e+01
-2.408916666666664241e+01
-2.408916666666664241e+01
-2.608916666666664241e+01
-2.708916666666664241e+01
-2.908916666666664241e+01
-2.808916666666664241e+01
-2.908916666666664241e+01
-2.808916666666664241e+01
-3.008916666666664241e+01
-2.708916666666664241e+01
-2.608916666666664241e+01
-2.508916666666664241e+01
-2.708916666666664241e+01
-2.608916666666664241e+01
-2.608916666666664241e+01
-2.808916666666664241e+01
-3.008916666666664241e+01
-3.008916666666664241e+01
-3.108916666666664241e+01
-2.908916666666664241e+01
-2.808916666666664241e+01
-2.508916666666664241e+01
-2.308916666666664241e+01
-2.308916666666664241e+01
-2.308916666666664241e+01
-2.408916666666664241e+01
-2.608916666666664241e+01
-2.808916666666664241e+01
-2.808916666666664241e+01
-2.908916666666664241e+01
-2.708916666666664241e+01
-2.408916666666664241e+01
-2.208916666666664241e+01
-1.808916666666664241e+01
-1.508916666666664241e+01
-1.208916666666664241e+01
-1.008916666666664241e+01
-1.008916666666664241e+01
-9.089166666666642413e+00
-9.089166666666642413e+00
-7.089166666666642413e+00
-7.089166666666642413e+00
-2.089166666666642413e+00
-8.916666666664241347e-02
2.910833333333357587e+00
3.910833333333357587e+00
4.910833333333357587e+00
2.910833333333357587e+00
2.910833333333357587e+00
-8.916666666664241347e-02
-3.089166666666642413e+00
-3.089166666666642413e+00
-6.089166666666642413e+00
-8.089166666666642413e+00
-1.008916666666664241e+01
-1.508916666666664241e+01
-1.608916666666664241e+01
-1.808916666666664241e+01
-2.008916666666664241e+01
-2.108916666666664241e+01
-2.008916666666664241e+01
-2.508916666666664241e+01
-2.408916666666664241e+01
-2.908916666666664241e+01
-3.108916666666664241e+01
-3.508916666666664241e+01
-3.808916666666664241e+01
-3.908916666666664241e+01
-3.608916666666664241e+01
-3.508916666666664241e+01
-3.408916666666664241e+01
-3.308916666666664241e+01
-3.108916666666664241e+01
-3.508916666666664241e+01
-3.508916666666664241e+01
-3.708916666666664241e+01
-3.608916666666664241e+01
-3.708916666666664241e+01
-3.808916666666664241e+01
-3.608916666666664241e+01
-3.708916666666664241e+01
-3.608916666666664241e+01
-3.508916666666664241e+01
-3.308916666666664241e+01
-3.008916666666664241e+01
-3.108916666666664241e+01
-3.208916666666664241e+01
-3.308916666666664241e+01
-3.608916666666664241e+01
-3.808916666666664241e+01
-3.408916666666664241e+01
-3.408916666666664241e+01
-3.208916666666664241e+01
-2.908916666666664241e+01
-2.808916666666664241e+01
-2.308916666666664241e+01
-2.108916666666664241e+01
-2.108916666666664241e+01
-1.908916666666664241e+01
-1.508916666666664241e+01
-6.089166666666642413e+00
8.910833333333357587e+00
3.391083333333335759e+01
7.091083333333335759e+01
1.079108333333333576e+02
1.539108333333333576e+02
1.969108333333333576e+02
2.369108333333333576e+02
2.659108333333333576e+02
2.789108333333333576e+02
2.669108333333333576e+02
2.309108333333333576e+02
1.709108333333333576e+02
9.391083333333335759e+01
1.291083333333335759e+01
-7.108916666666664241e+01
-1.480891666666666424e+02
-2.070891666666666424e+02
-2.390891666666666424e+02
-2.350891666666666424e+02
-2.060891666666666424e+02
-1.620891666666666424e+02
-1.160891666666666424e+02
-7.508916666666664241e+01
-4.408916666666664241e+01
-2.408916666666664241e+01
-1.408916666666664241e+01
-1.008916666666664241e+01
-1.108916666666664241e+01
-1.308916666666664241e+01
-1.708916666666664241e+01
-1.908916666666664241e+01
-1.908916666666664241e+01
-1.708916666666664241e+01
-1.808916666666664241e+01
-1.608916666666664241e+01
-1.308916666666664241e+01
-1.208916666666664241e+01
-1.008916666666664241e+01
-9.089166666666642413e+00
-9.089166666666642413e+00
-7.089166666666642413e+00
-7.089166666666642413e+00
-4.089166666666642413e+00
-5.089166666666642413e+00
-3.089166666666642413e+00
-4.089166666666642413e+00
-4.089166666666642413e+00
-3.089166666666642413e+00
-4.089166666666642413e+00
-5.089166666666642413e+00
-2.089166666666642413e+00
-3.089166666666642413e+00
-1.089166666666642413e+00
2.910833333333357587e+00
3.910833333333357587e+00
1.910833333333357587e+00
3.910833333333357587e+00
5.910833333333357587e+00
3.910833333333357587e+00
7.910833333333357587e+00
7.910833333333357587e+00
8.910833333333357587e+00
1.291083333333335759e+01
1.491083333333335759e+01
1.791083333333335759e+01
2.191083333333335759e+01
2.391083333333335759e+01
2.691083333333335759e+01
2.291083333333335759e+01
2.291083333333335759e+01
2.391083333333335759e+01
2.491083333333335759e+01
2.491083333333335759e+01
2.991083333333335759e+01
3.291083333333335759e+01
3.791083333333335759e+01
3.791083333333335759e+01
4.291083333333335759e+01
4.291083333333335759e+01
4.891083333333335759e+01
4.791083333333335759e+01
4.891083333333335759e+01
4.791083333333335759e+01
5.091083333333335759e+01
5.091083333333335759e+01
5.291083333333335759e+01
5.591083333333335759e+01
5.991083333333335759e+01
6.191083333333335759e+01
6.491083333333335759e+01
6.491083333333335759e+01
6.491083333333335759e+01
6.391083333333335759e+01
6.191083333333335759e+01
5.691083333333335759e+01
5.891083333333335759e+01
5.691083333333335759e+01
5.491083333333335759e+01
5.591083333333335759e+01
5.691083333333335759e+01
5.691083333333335759e+01
5.591083333333335759e+01
5.591083333333335759e+01
5.491083333333335759e+01
5.291083333333335759e+01
4.791083333333335759e+01
4.791083333333335759e+01
4.891083333333335759e+01
4.691083333333335759e+01
4.491083333333335759e+01
4.191083333333335759e+01
4.191083333333335759e+01
3.791083333333335759e+01
3.291083333333335759e+01
3.091083333333335759e+01
2.491083333333335759e+01
1.891083333333335759e+01
1.891083333333335759e+01
1.391083333333335759e+01
9.910833333333357587e+00
4.910833333333357587e+00
9.108333333333575865e-01
-2.089166666666642413e+00
-5.089166666666642413e+00
-7.089166666666642413e+00
-1.008916666666664241e+01
-1.408916666666664241e+01
-1.308916666666664241e+01
-1.508916666666664241e+01
-1.808916666666664241e+01
-1.908916666666664241e+01
-2.108916666666664241e+01
-2.408916666666664241e+01
-2.208916666666664241e+01
-2.208916666666664241e+01
-2.208916666666664241e+01
-1.908916666666664241e+01
-1.608916666666664241e+01
-1.708916666666664241e+01
-1.808916666666664241e+01
-2.208916666666664241e+01
-2.108916666666664241e+01
-2.608916666666664241e+01
-2.508916666666664241e+01
-2.508916666666664241e+01
-2.308916666666664241e+01
-2.208916666666664241e+01
-2.008916666666664241e+01
-2.008916666666664241e+01
-1.508916666666664241e+01
-1.808916666666664241e+01
-1.708916666666664241e+01
-1.908916666666664241e+01
-2.008916666666664241e+01
-1.908916666666664241e+01
-2.008916666666664241e+01
-1.908916666666664241e+01
-1.608916666666664241e+01
-1.508916666666664241e+01
-1.208916666666664241e+01
-1.008916666666664241e+01
-9.089166666666642413e+00
-1.208916666666664241e+01
-1.108916666666664241e+01
-1.208916666666664241e+01
-1.508916666666664241e+01
-1.408916666666664241e+01
-1.408916666666664241e+01
-1.408916666666664241e+01
-1.408916666666664241e+01
-1.308916666666664241e+01
-1.308916666666664241e+01
-1.308916666666664241e+01
-1.008916666666664241e+01
-1.408916666666664241e+01
-1.508916666666664241e+01
-1.608916666666664241e+01
-1.408916666666664241e+01
-1.708916666666664241e+01
-1.708916666666664241e+01
-1.908916666666664241e+01
-2.008916666666664241e+01
-2.108916666666664241e+01
-2.008916666666664241e+01
-2.008916666666664241e+01
-1.708916666666664241e+01
-1.808916666666664241e+01
-1.508916666666664241e+01
-1.608916666666664241e+01
-1.808916666666664241e+01
-1.908916666666664241e+01
-2.208916666666664241e+01
-2.308916666666664241e+01
-2.508916666666664241e+01
-2.408916666666664241e+01
-2.208916666666664241e+01
-2.108916666666664241e+01
-2.008916666666664241e+01
-1.808916666666664241e+01
-2.208916666666664241e+01
-2.108916666666664241e+01
-2.408916666666664241e+01
-2.408916666666664241e+01
-2.608916666666664241e+01
-2.808916666666664241e+01
-2.808916666666664241e+01
-2.708916666666664241e+01
-2.508916666666664241e+01
-2.308916666666664241e+01
-2.308916666666664241e+01
-2.308916666666664241e+01
-2.308916666666664241e+01
-2.408916666666664241e+01
-2.508916666666664241e+01
-2.508916666666664241e+01
-2.608916666666664241e+01
-2.508916666666664241e+01
-2.508916666666664241e+01
-2.308916666666664241e+01
-2.208916666666664241e+01
-2.108916666666664241e+01
-1.908916666666664241e+01
-2.208916666666664241e+01
-2.408916666666664241e+01
-2.608916666666664241e+01
-2.908916666666664241e+01
-2.908916666666664241e+01
-2.908916666666664241e+01
-2.808916666666664241e+01
-2.708916666666664241e+01
-2.508916666666664241e+01
-2.408916666666664241e+01
-2.508916666666664241e+01
-2.608916666666664241e+01
-2.508916666666664241e+01
-2.508916666666664241e+01
-2.408916666666664241e+01
-2.508916666666664241e+01
-2.508916666666664241e+01
-2.408916666666664241e+01
-2.508916666666664241e+01
-2.508916666666664241e+01
-2.708916666666664241e+01
-2.408916666666664241e+01
-2.308916666666664241e+01
-2.308916666666664241e+01
-2.308916666666664241e+01
-2.208916666666664241e+01
-2.008916666666664241e+01
-2.008916666666664241e+01
-2.408916666666664241e+01
-2.108916666666664241e+01
-2.308916666666664241e+01
-2.408916666666664241e+01
-2.208916666666664241e+01
-2.208916666666664241e+01
-2.308916666666664241e+01
-1.608916666666664241e+01
-1.308916666666664241e+01
-1.108916666666664241e+01
-1.108916666666664241e+01
-1.008916666666664241e+01
-7.089166666666642413e+00
-6.089166666666642413e+00
-4.089166666666642413e+00
-8.916666666664241347e-02
2.910833333333357587e+00
5.910833333333357587e+00
6.910833333333357587e+00
9.910833333333357587e+00
9.910833333333357587e+00
1.091083333333335759e+01
8.910833333333357587e+00
5.910833333333357587e+00
1.910833333333357587e+00
9.108333333333575865e-01
-1.089166666666642413e+00
-2.089166666666642413e+00
-4.089166666666642413e+00
-6.089166666666642413e+00
-8.089166666666642413e+00
-1.008916666666664241e+01
-1.308916666666664241e+01
-1.308916666666664241e+01
-1.508916666666664241e+01
-1.908916666666664241e+01
-2.308916666666664241e+01
-2.608916666666664241e+01
-2.708916666666664241e+01
-3.008916666666664241e+01
-3.008916666666664241e+01
-2.908916666666664241e+01
-2.908916666666664241e+01
-2.608916666666664241e+01
-2.708916666666664241e+01
-2.408916666666664241e+01
-2.408916666666664241e+01
-2.508916666666664241e+01
-2.608916666666664241e+01
-2.908916666666664241e+01
-3.108916666666664241e+01
-3.408916666666664241e+01
-3.108916666666664241e+01
-3.308916666666664241e+01
-3.108916666666664241e+01
-3.008916666666664241e+01
-3.108916666666664241e+01
-2.708916666666664241e+01
-2.608916666666664241e+01
-2.808916666666664241e+01
-2.608916666666664241e+01
-2.608916666666664241e+01
-2.708916666666664241e+01
-2.608916666666664241e+01
-2.608916666666664241e+01
-2.208916666666664241e+01
-2.008916666666664241e+01
-1.608916666666664241e+01
-1.408916666666664241e+01
-9.089166666666642413e+00
-8.089166666666642413e+00
-7.089166666666642413e+00
3.910833333333357587e+00
2.191083333333335759e+01
4.391083333333335759e+01
7.791083333333335759e+01
1.189108333333333576e+02
1.619108333333333576e+02
2.069108333333333576e+02
2.449108333333333576e+02
2.719108333333333576e+02
2.809108333333333576e+02
2.669108333333333576e+02
2.259108333333333576e+02
1.639108333333333576e+02
8.691083333333335759e+01
4.910833333333357587e+00
-7.808916666666664241e+01
-1.470891666666666424e+02
-1.990891666666666424e+02
-2.200891666666666424e+02
-2.040891666666666424e+02
-1.740891666666666424e+02
-1.320891666666666424e+02
-9.008916666666664241e+01
-5.508916666666664241e+01
-2.808916666666664241e+01
-1.408916666666664241e+01
-4.089166666666642413e+00
-3.089166666666642413e+00
-5.089166666666642413e+00
-7.089166666666642413e+00
-7.089166666666642413e+00
-8.089166666666642413e+00
-7.089166666666642413e+00
-4.089166666666642413e+00
-4.089166666666642413e+00
-3.089166666666642413e+00
-4.089166666666642413e+00
-2.089166666666642413e+00
-5.089166666666642413e+00
-2.089166666666642413e+00
-3.089166666666642413e+00
-1.089166666666642413e+00
1.910833333333357587e+00
1.910833333333357587e+00
3.910833333333357587e+00
8.910833333333357587e+00
7.910833333333357587e+00
5.910833333333357587e+00
6.910833333333357587e+00
8.910833333333357587e+00
8.910833333333357587e+00
5.910833333333357587e+00
8.910833333333357587e+00
1.091083333333335759e+01
1.491083333333335759e+01
1.691083333333335759e+01
1.991083333333335759e+01
1.891083333333335759e+01
2.091083333333335759e+01
1.991083333333335759e+01
1.991083333333335759e+01
1.891083333333335759e+01
1.791083333333335759e+01
1.791083333333335759e+01
1.991083333333335759e+01
2.291083333333335759e+01
2.491083333333335759e+01
3.091083333333335759e+01
3.391083333333335759e+01
3.291083333333335759e+01
3.591083333333335759e+01
3.491083333333335759e+01
3.691083333333335759e+01
3.791083333333335759e+01
3.791083333333335759e+01
4.091083333333335759e+01
4.191083333333335759e+01
4.591083333333335759e+01
4.991083333333335759e+01
5.391083333333335759e+01
5.491083333333335759e+01
5.691083333333335759e+01
5.691083333333335759e+01
5.691083333333335759e+01
5.791083333333335759e+01
5.691083333333335759e+01
5.791083333333335759e+01
5.891083333333335759e+01
6.191083333333335759e+01
6.391083333333335759e+01
6.491083333333335759e+01
6.491083333333335759e+01
6.391083333333335759e+01
6.291083333333335759e+01
6.391083333333335759e+01
5.991083333333335759e+01
5.891083333333335759e+01
5.791083333333335759e+01
5.991083333333335759e+01
5.891083333333335759e+01
5.991083333333335759e+01
5.891083333333335759e+01
6.091083333333335759e+01
6.091083333333335759e+01
5.991083333333335759e+01
5.991083333333335759e+01
5.891083333333335759e+01
5.791083333333335759e+01
5.291083333333335759e+01
5.091083333333335759e+01
4.991083333333335759e+01
4.491083333333335759e+01
4.291083333333335759e+01
3.591083333333335759e+01
3.591083333333335759e+01
3.391083333333335759e+01
3.191083333333335759e+01
3.091083333333335759e+01
2.391083333333335759e+01
1.991083333333335759e+01
1.391083333333335759e+01
9.910833333333357587e+00
4.910833333333357587e+00
1.910833333333357587e+00
-8.916666666664241347e-02
1.910833333333357587e+00
1.910833333333357587e+00
1.910833333333357587e+00
1.910833333333357587e+00
-1.089166666666642413e+00
-4.089166666666642413e+00
-9.089166666666642413e+00
-1.208916666666664241e+01
-1.208916666666664241e+01
-1.408916666666664241e+01
-1.508916666666664241e+01
-1.308916666666664241e+01
-1.208916666666664241e+01
-9.089166666666642413e+00
-7.089166666666642413e+00
-6.089166666666642413e+00
-7.089166666666642413e+00
-9.089166666666642413e+00
-1.208916666666664241e+01
-1.408916666666664241e+01
-1.308916666666664241e+01
-1.208916666666664241e+01
-1.408916666666664241e+01
-1.108916666666664241e+01
-9.089166666666642413e+00
-9.089166666666642413e+00
-4.089166666666642413e+00
-4.089166666666642413e+00
-4.089166666666642413e+00
-5.089166666666642413e+00
-5.089166666666642413e+00
-6.089166666666642413e+00
-1.008916666666664241e+01
-9.089166666666642413e+00
-7.089166666666642413e+00
-4.089166666666642413e+00
-4.089166666666642413e+00
-4.089166666666642413e+00
-6.089166666666642413e+00
-7.089166666666642413e+00
-5.089166666666642413e+00
-1.008916666666664241e+01
-1.008916666666664241e+01
-1.008916666666664241e+01
-1.008916666666664241e+01
-1.008916666666664241e+01
-8.089166666666642413e+00
-7.089166666666642413e+00
-1.008916666666664241e+01
-9.089166666666642413e+00
-7.089166666666642413e+00
-7.089166666666642413e+00
-6.089166666666642413e+00
-7.089166666666642413e+00
-8.089166666666642413e+00
-9.089166666666642413e+00
-1.308916666666664241e+01
-1.408916666666664241e+01
-1.908916666666664241e+01
-2.108916666666664241e+01
-1.908916666666664241e+01
-1.708916666666664241e+01
-1.708916666666664241e+01
-1.908916666666664241e+01
-1.608916666666664241e+01
-1.908916666666664241e+01
-2.108916666666664241e+01
-1.908916666666664241e+01
-2.208916666666664241e+01
-2.308916666666664241e+01
-2.308916666666664241e+01
-2.408916666666664241e+01
-2.208916666666664241e+01
-1.908916666666664241e+01
-1.508916666666664241e+01
-1.808916666666664241e+01
-1.708916666666664241e+01
-1.808916666666664241e+01
-2.108916666666664241e+01
-2.208916666666664241e+01
-2.508916666666664241e+01
-2.408916666666664241e+01
-2.708916666666664241e+01
-2.508916666666664241e+01
-2.108916666666664241e+01
-2.208916666666664241e+01
-2.008916666666664241e+01
-2.108916666666664241e+01
-2.108916666666664241e+01
-2.008916666666664241e+01
-2.208916666666664241e+01
-2.308916666666664241e+01
-2.408916666666664241e+01
-2.708916666666664241e+01
-2.508916666666664241e+01
-2.508916666666664241e+01
-2.308916666666664241e+01
-2.208916666666664241e+01
-2.108916666666664241e+01
-2.108916666666664241e+01
-2.308916666666664241e+01
-2.308916666666664241e+01
-2.308916666666664241e+01
-2.508916666666664241e+01
-2.708916666666664241e+01
-2.608916666666664241e+01
-2.508916666666664241e+01
-2.608916666666664241e+01
-2.408916666666664241e+01
-2.608916666666664241e+01
-2.408916666666664241e+01
-2.308916666666664241e+01
-2.208916666666664241e+01
-2.308916666666664241e+01
-2.408916666666664241e+01
-2.408916666666664241e+01
-2.508916666666664241e+01
-2.708916666666664241e+01
-2.808916666666664241e+01
-2.708916666666664241e+01
-2.908916666666664241e+01
-2.608916666666664241e+01
-2.308916666666664241e+01
-2.208916666666664241e+01
-2.008916666666664241e+01
-2.108916666666664241e+01
-2.308916666666664241e+01
-2.308916666666664241e+01
-2.408916666666664241e+01
-2.508916666666664241e+01
-2.708916666666664241e+01
-2.308916666666664241e+01
-2.308916666666664241e+01
-2.208916666666664241e+01
-1.808916666666664241e+01
-1.508916666666664241e+01
-1.008916666666664241e+01
-1.008916666666664241e+01
-1.108916666666664241e+01
-1.008916666666664241e+01
-7.089166666666642413e+00
-7.089166666666642413e+00
-4.089166666666642413e+00
-1.089166666666642413e+00
3.910833333333357587e+00
5.910833333333357587e+00
8.910833333333357587e+00
7.910833333333357587e+00
7.910833333333357587e+00
4.910833333333357587e+00
2.910833333333357587e+00
9.108333333333575865e-01
-1.089166666666642413e+00
-2.089166666666642413e+00
-4.089166666666642413e+00
-4.089166666666642413e+00
-6.089166666666642413e+00
-1.008916666666664241e+01
-1.108916666666664241e+01
-1.508916666666664241e+01
-1.708916666666664241e+01
-1.908916666666664241e+01
-2.108916666666664241e+01
-2.308916666666664241e+01
-2.608916666666664241e+01
-2.808916666666664241e+01
-3.208916666666664241e+01
-3.208916666666664241e+01
-3.108916666666664241e+01
-3.108916666666664241e+01
-2.808916666666664241e+01
-3.008916666666664241e+01
-2.808916666666664241e+01
-3.008916666666664241e+01
-2.908916666666664241e+01
-3.508916666666664241e+01
-3.608916666666664241e+01
-3.708916666666664241e+01
-3.908916666666664241e+01
-3.608916666666664241e+01
-3.608916666666664241e+01
-3.108916666666664241e+01
-3.208916666666664241e+01
-3.208916666666664241e+01
-3.208916666666664241e+01
-3.108916666666664241e+01
-3.108916666666664241e+01
-3.508916666666664241e+01
-3.508916666666664241e+01
-3.508916666666664241e+01
-3.308916666666664241e+01
-3.208916666666664241e+01
-2.908916666666664241e+01
-2.508916666666664241e+01
-2.108916666666664241e+01
-1.808916666666664241e+01
-1.608916666666664241e+01
-9.089166666666642413e+00
4.910833333333357587e+00
2.491083333333335759e+01
4.991083333333335759e+01
7.991083333333335759e+01
1.179108333333333576e+02
1.589108333333333576e+02
2.089108333333333576e+02
2.489108333333333576e+02
2.759108333333333576e+02
2.799108333333333576e+02
2.519108333333333576e+02
1.929108333333333576e+02
1.079108333333333576e+02
5.910833333333357587e+00
-9.408916666666664241e+01
-1.750891666666666424e+02
-2.240891666666666424e+02
-2.310891666666666424e+02
-2.100891666666666424e+02
-1.710891666666666424e+02
-1.290891666666666424e+02
-9.208916666666664241e+01
-6.208916666666664241e+01
-3.908916666666664241e+01
-2.408916666666664241e+01
-1.608916666666664241e+01
-1.308916666666664241e+01
-1.508916666666664241e+01
-1.808916666666664241e+01
-1.908916666666664241e+01
-1.708916666666664241e+01
-1.608916666666664241e+01
-1.408916666666664241e+01
-1.008916666666664241e+01
-7.089166666666642413e+00
-6.089166666666642413e+00
-6.089166666666642413e+00
-6.089166666666642413e+00
-6.089166666666642413e+00
-5.089166666666642413e+00
-9.089166666666642413e+00
-4.089166666666642413e+00
-3.089166666666642413e+00
-1.089166666666642413e+00
3.910833333333357587e+00
3.910833333333357587e+00
3.910833333333357587e+00
3.910833333333357587e+00
9.108333333333575865e-01
1.910833333333357587e+00
1.910833333333357587e+00
3.910833333333357587e+00
3.910833333333357587e+00
3.910833333333357587e+00
8.910833333333357587e+00
8.910833333333357587e+00
1.591083333333335759e+01
1.491083333333335759e+01
1.791083333333335759e+01
1.991083333333335759e+01
1.691083333333335759e+01
1.891083333333335759e+01
1.991083333333335759e+01
2.191083333333335759e+01
2.391083333333335759e+01
2.691083333333335759e+01
2.891083333333335759e+01
3.391083333333335759e+01
3.591083333333335759e+01
3.891083333333335759e+01
4.091083333333335759e+01
4.391083333333335759e+01
4.591083333333335759e+01
4.691083333333335759e+01
5.091083333333335759e+01
5.291083333333335759e+01
5.391083333333335759e+01
5.591083333333335759e+01
5.791083333333335759e+01
6.291083333333335759e+01
6.491083333333335759e+01
6.891083333333335759e+01
7.091083333333335759e+01
7.191083333333335759e+01
7.191083333333335759e+01
7.291083333333335759e+01
7.091083333333335759e+01
7.091083333333335759e+01
7.191083333333335759e+01
7.091083333333335759e+01
7.291083333333335759e+01
7.391083333333335759e+01
7.491083333333335759e+01
7.791083333333335759e+01
7.691083333333335759e+01
7.691083333333335759e+01
7.391083333333335759e+01
7.391083333333335759e+01
6.991083333333335759e+01
6.791083333333335759e+01
6.691083333333335759e+01
6.791083333333335759e+01
6.891083333333335759e+01
6.791083333333335759e+01
6.591083333333335759e+01
6.091083333333335759e+01
5.591083333333335759e+01
4.691083333333335759e+01
4.191083333333335759e+01
3.791083333333335759e+01
3.191083333333335759e+01
2.591083333333335759e+01
2.091083333333335759e+01
1.891083333333335759e+01
1.691083333333335759e+01
9.910833333333357587e+00
6.910833333333357587e+00
3.910833333333357587e+00
9.108333333333575865e-01
-2.089166666666642413e+00
-4.089166666666642413e+00
-1.008916666666664241e+01
-1.008916666666664241e+01
-1.308916666666664241e+01
-1.508916666666664241e+01
-1.608916666666664241e+01
-1.608916666666664241e+01
-1.708916666666664241e+01
-1.708916666666664241e+01
-1.908916666666664241e+01
-1.708916666666664241e+01
-1.708916666666664241e+01
-1.708916666666664241e+01
-1.708916666666664241e+01
-1.808916666666664241e+01
-1.808916666666664241e+01
-2.008916666666664241e+01
-2.208916666666664241e+01
-1.808916666666664241e+01
-1.708916666666664241e+01
-1.508916666666664241e+01
-1.508916666666664241e+01
-1.108916666666664241e+01
-1.408916666666664241e+01
-1.408916666666664241e+01
-1.608916666666664241e+01
-1.608916666666664241e+01
-1.508916666666664241e+01
-1.608916666666664241e+01
-1.608916666666664241e+01
-1.408916666666664241e+01
-1.008916666666664241e+01
-8.089166666666642413e+00
-9.089166666666642413e+00
-6.089166666666642413e+00
-7.089166666666642413e+00
-9.089166666666642413e+00
-1.108916666666664241e+01
-1.408916666666664241e+01
-1.308916666666664241e+01
-1.308916666666664241e+01
-1.308916666666664241e+01
-1.208916666666664241e+01
-9.089166666666642413e+00
-7.089166666666642413e+00
-6.089166666666642413e+00
-7.089166666666642413e+00
-1.008916666666664241e+01
-1.208916666666664241e+01
-1.508916666666664241e+01
-1.708916666666664241e+01
-1.408916666666664241e+01
-1.808916666666664241e+01
-1.508916666666664241e+01
-1.508916666666664241e+01
-1.408916666666664241e+01
-1.408916666666664241e+01
-1.608916666666664241e+01
-1.608916666666664241e+01
-1.508916666666664241e+01
-1.708916666666664241e+01
-1.808916666666664241e+01
-2.008916666666664241e+01
-2.108916666666664241e+01
-2.208916666666664241e+01
-2.108916666666664241e+01
-2.208916666666664241e+01
-2.108916666666664241e+01
-2.008916666666664241e+01
-1.908916666666664241e+01
-2.108916666666664241e+01
-2.508916666666664241e+01
-2.608916666666664241e+01
-2.508916666666664241e+01
-2.308916666666664241e+01
-2.408916666666664241e+01
-2.408916666666664241e+01
-2.708916666666664241e+01
-2.608916666666664241e+01
-2.708916666666664241e+01
-2.708916666666664241e+01
-2.508916666666664241e+01
-2.408916666666664241e+01
-2.108916666666664241e+01
-2.308916666666664241e+01
-2.608916666666664241e+01
-3.008916666666664241e+01
-3.008916666666664241e+01
-3.408916666666664241e+01
-3.408916666666664241e+01
-3.308916666666664241e+01
-2.908916666666664241e+01
-2.708916666666664241e+01
-2.708916666666664241e+01
-2.508916666666664241e+01
-2.608916666666664241e+01
-2.708916666666664241e+01
-2.608916666666664241e+01
-2.808916666666664241e+01
-3.108916666666664241e+01
-2.908916666666664241e+01
-3.008916666666664241e+01
-2.808916666666664241e+01
-2.608916666666664241e+01
-2.708916666666664241e+01
-2.308916666666664241e+01
-2.208916666666664241e+01
-2.208916666666664241e+01
-1.908916666666664241e+01
-1.908916666666664241e+01
-1.708916666666664241e+01
-1.708916666666664241e+01
-1.308916666666664241e+01
-1.408916666666664241e+01
-1.008916666666664241e+01
-1.008916666666664241e+01
-5.089166666666642413e+00
-3.089166666666642413e+00
-2.089166666666642413e+00
-2.089166666666642413e+00
-8.916666666664241347e-02
-1.089166666666642413e+00
-4.089166666666642413e+00
-2.089166666666642413e+00
-2.089166666666642413e+00
-2.089166666666642413e+00
-3.089166666666642413e+00
-4.089166666666642413e+00
-5.089166666666642413e+00
-6.089166666666642413e+00
-8.089166666666642413e+00
-1.208916666666664241e+01
-1.608916666666664241e+01
-1.908916666666664241e+01
-2.208916666666664241e+01
-2.308916666666664241e+01
-2.408916666666664241e+01
-2.408916666666664241e+01
-2.608916666666664241e+01
-2.608916666666664241e+01
-2.708916666666664241e+01
-3.108916666666664241e+01
-3.208916666666664241e+01
-3.708916666666664241e+01
-3.708916666666664241e+01
-3.808916666666664241e+01
-4.008916666666664241e+01
-4.008916666666664241e+01
-3.908916666666664241e+01
-3.908916666666664241e+01
-3.708916666666664241e+01
-3.608916666666664241e+01
-3.608916666666664241e+01
-3.308916666666664241e+01
-3.308916666666664241e+01
-3.108916666666664241e+01
-3.408916666666664241e+01
-3.408916666666664241e+01
-3.608916666666664241e+01
-3.708916666666664241e+01
-3.808916666666664241e+01
-3.708916666666664241e+01
-3.608916666666664241e+01
-3.508916666666664241e+01
-3.208916666666664241e+01
-2.808916666666664241e+01
-3.008916666666664241e+01
-2.708916666666664241e+01
-2.808916666666664241e+01
-3.108916666666664241e+01
-3.008916666666664241e+01
-3.208916666666664241e+01
-3.108916666666664241e+01
-2.408916666666664241e+01
-1.908916666666664241e+01
-8.089166666666642413e+00
1.091083333333335759e+01
3.391083333333335759e+01
6.291083333333335759e+01
9.691083333333335759e+01
1.379108333333333576e+02
1.839108333333333576e+02
2.289108333333333576e+02
2.679108333333333576e+02
2.939108333333333576e+02
2.939108333333333576e+02
2.639108333333333576e+02
2.079108333333333576e+02
1.239108333333333576e+02
2.691083333333335759e+01
-7.208916666666664241e+01
-1.620891666666666424e+02
-2.260891666666666424e+02
-2.500891666666666424e+02
-2.400891666666666424e+02
-2.030891666666666424e+02
-1.550891666666666424e+02
-1.070891666666666424e+02
-6.808916666666664241e+01
-3.808916666666664241e+01
-2.208916666666664241e+01
-1.408916666666664241e+01
-1.208916666666664241e+01
-1.408916666666664241e+01
-1.508916666666664241e+01
-1.908916666666664241e+01
-2.208916666666664241e+01
-2.308916666666664241e+01
-2.008916666666664241e+01
-1.708916666666664241e+01
-1.408916666666664241e+01
-1.308916666666664241e+01
-9.089166666666642413e+00
-8.089166666666642413e+00
-7.089166666666642413e+00
-6.089166666666642413e+00
-7.089166666666642413e+00
-5.089166666666642413e+00
-5.089166666666642413e+00
-7.089166666666642413e+00
-6.089166666666642413e+00
-4.089166666666642413e+00
-3.089166666666642413e+00
-1.089166666666642413e+00
1.910833333333357587e+00
3.910833333333357587e+00
7.910833333333357587e+00
9.910833333333357587e+00
1.091083333333335759e+01
8.910833333333357587e+00
1.091083333333335759e+01
9.910833333333357587e+00
5.910833333333357587e+00
8.910833333333357587e+00
1.291083333333335759e+01
1.691083333333335759e+01
2.091083333333335759e+01
2.291083333333335759e+01
2.091083333333335759e+01
2.391083333333335759e+01
2.591083333333335759e+01
2.591083333333335759e+01
2.691083333333335759e+01
2.791083333333335759e+01
2.891083333333335759e+01
3.491083333333335759e+01
3.891083333333335759e+01
4.091083333333335759e+01
4.591083333333335759e+01
4.791083333333335759e+01
5.191083333333335759e+01
5.491083333333335759e+01
5.591083333333335759e+01
5.991083333333335759e+01
5.991083333333335759e+01
6.291083333333335759e+01
6.391083333333335759e+01
6.491083333333335759e+01
6.891083333333335759e+01
7.091083333333335759e+01
7.391083333333335759e+01
7.991083333333335759e+01
8.191083333333335759e+01
8.391083333333335759e+01
8.291083333333335759e+01
8.291083333333335759e+01
8.091083333333335759e+01
7.991083333333335759e+01
7.891083333333335759e+01
7.991083333333335759e+01
7.991083333333335759e+01
8.391083333333335759e+01
8.591083333333335759e+01
8.391083333333335759e+01
8.191083333333335759e+01
7.891083333333335759e+01
7.791083333333335759e+01
7.491083333333335759e+01
6.891083333333335759e+01
6.191083333333335759e+01
6.091083333333335759e+01
5.891083333333335759e+01
5.491083333333335759e+01
5.191083333333335759e+01
4.791083333333335759e+01
4.291083333333335759e+01
3.691083333333335759e+01
3.391083333333335759e+01
2.691083333333335759e+01
1.891083333333335759e+01
1.391083333333335759e+01
5.910833333333357587e+00
4.910833333333357587e+00
9.108333333333575865e-01
9.108333333333575865e-01
-8.916666666664241347e-02
-8.916666666664241347e-02
-2.089166666666642413e+00
-2.089166666666642413e+00
-3.089166666666642413e+00
-5.089166666666642413e+00
-6.089166666666642413e+00
-1.108916666666664241e+01
-1.208916666666664241e+01
-1.308916666666664241e+01
-7.089166666666642413e+00
-4.089166666666642413e+00
-4.089166666666642413e+00
-6.089166666666642413e+00
-1.108916666666664241e+01
-1.108916666666664241e+01
-8.089166666666642413e+00
-8.089166666666642413e+00
-8.089166666666642413e+00
-8.089166666666642413e+00
-1.208916666666664241e+01
-1.508916666666664241e+01
-1.508916666666664241e+01
-1.608916666666664241e+01
-1.608916666666664241e+01
-1.408916666666664241e+01
-1.008916666666664241e+01
-8.089166666666642413e+00
-6.089166666666642413e+00
-7.089166666666642413e+00
-8.089166666666642413e+00
-1.008916666666664241e+01
-1.308916666666664241e+01
-1.808916666666664241e+01
-1.608916666666664241e+01
-1.008916666666664241e+01
-2.089166666666642413e+00
9.108333333333575865e-01
1.910833333333357587e+00
-2.089166666666642413e+00
-6.089166666666642413e+00
-1.108916666666664241e+01
-1.108916666666664241e+01
-1.008916666666664241e+01
-7.089166666666642413e+00
-3.089166666666642413e+00
-8.916666666664241347e-02
1.910833333333357587e+00
4.910833333333357587e+00
5.910833333333357587e+00
4.910833333333357587e+00
9.108333333333575865e-01
-3.089166666666642413e+00
-4.089166666666642413e+00
-6.089166666666642413e+00
-4.089166666666642413e+00
-2.089166666666642413e+00
-4.089166666666642413e+00
-2.089166666666642413e+00
-8.916666666664241347e-02
-8.916666666664241347e-02
-8.916666666664241347e-02
-8.916666666664241347e-02
-8.916666666664241347e-02
-8.916666666664241347e-02
-1.089166666666642413e+00
-4.089166666666642413e+00
-3.089166666666642413e+00
-3.089166666666642413e+00
-4.089166666666642413e+00
-3.089166666666642413e+00
-2.089166666666642413e+00
-1.089166666666642413e+00
-1.089166666666642413e+00
-1.089166666666642413e+00
-2.089166666666642413e+00
-2.089166666666642413e+00
-2.089166666666642413e+00
-3.089166666666642413e+00
-2.089166666666642413e+00
-2.089166666666642413e+00
-2.089166666666642413e+00
-8.916666666664241347e-02
-2.089166666666642413e+00
9.108333333333575865e-01
2.910833333333357587e+00
4.910833333333357587e+00
5.910833333333357587e+00
5.910833333333357587e+00
3.910833333333357587e+00
4.910833333333357587e+00
9.108333333333575865e-01
9.108333333333575865e-01
9.108333333333575865e-01
2.910833333333357587e+00
2.910833333333357587e+00
5.910833333333357587e+00
1.091083333333335759e+01
1.491083333333335759e+01
1.591083333333335759e+01
1.791083333333335759e+01
1.791083333333335759e+01
1.491083333333335759e+01
1.491083333333335759e+01
1.591083333333335759e+01
1.691083333333335759e+01
1.991083333333335759e+01
2.391083333333335759e+01
2.591083333333335759e+01
2.691083333333335759e+01
2.691083333333335759e+01
2.291083333333335759e+01
1.791083333333335759e+01
1.391083333333335759e+01
6.910833333333357587e+00
4.910833333333357587e+00
1.910833333333357587e+00
-5.089166666666642413e+00
-7.089166666666642413e+00
-1.108916666666664241e+01
-1.408916666666664241e+01
-1.708916666666664241e+01
-1.608916666666664241e+01
-1.708916666666664241e+01
-1.808916666666664241e+01
-1.908916666666664241e+01
-2.308916666666664241e+01
-2.608916666666664241e+01
-3.108916666666664241e+01
-3.308916666666664241e+01
-3.508916666666664241e+01
-3.408916666666664241e+01
-3.308916666666664241e+01
-2.908916666666664241e+01
-2.808916666666664241e+01
-2.808916666666664241e+01
-2.908916666666664241e+01
-2.708916666666664241e+01
-2.408916666666664241e+01
-2.608916666666664241e+01
-2.508916666666664241e+01
-2.708916666666664241e+01
-2.708916666666664241e+01
-2.808916666666664241e+01
-3.008916666666664241e+01
-3.208916666666664241e+01
-3.108916666666664241e+01
-3.008916666666664241e+01
-2.808916666666664241e+01
-2.908916666666664241e+01
-2.908916666666664241e+01
-3.308916666666664241e+01
-3.308916666666664241e+01
-3.408916666666664241e+01
-3.208916666666664241e+01
-3.308916666666664241e+01
-3.408916666666664241e+01
-3.008916666666664241e+01
-2.608916666666664241e+01
-2.508916666666664241e+01
-2.208916666666664241e+01
-2.108916666666664241e+01
-2.108916666666664241e+01
-1.808916666666664241e+01
-1.408916666666664241e+01
3.910833333333357587e+00
2.691083333333335759e+01
5.891083333333335759e+01
9.591083333333335759e+01
1.379108333333333576e+02
1.859108333333333576e+02
2.309108333333333576e+02
2.739108333333333576e+02
3.019108333333333576e+02
3.129108333333333576e+02
2.939108333333333576e+02
2.489108333333333576e+02
1.769108333333333576e+02
8.691083333333335759e+01
-1.408916666666664241e+01
-1.140891666666666424e+02
-1.950891666666666424e+02
-2.430891666666666424e+02
-2.500891666666666424e+02
-2.240891666666666424e+02
-1.820891666666666424e+02
-1.360891666666666424e+02
-9.008916666666664241e+01
-5.508916666666664241e+01
-3.208916666666664241e+01
-1.508916666666664241e+01
-7.089166666666642413e+00
-7.089166666666642413e+00
-7.089166666666642413e+00
-1.108916666666664241e+01
-8.089166666666642413e+00
-1.008916666666664241e+01
-1.008916666666664241e+01
-1.008916666666664241e+01
-1.108916666666664241e+01
-1.308916666666664241e+01
-1.208916666666664241e+01
-1.108916666666664241e+01
-7.089166666666642413e+00
-6.089166666666642413e+00
-3.089166666666642413e+00
-2.089166666666642413e+00
-8.916666666664241347e-02
-8.916666666664241347e-02
-8.916666666664241347e-02
-8.916666666664241347e-02
-2.089166666666642413e+00
-1.089166666666642413e+00
9.108333333333575865e-01
3.910833333333357587e+00
2.910833333333357587e+00
6.910833333333357587e+00
6.910833333333357587e+00
7.910833333333357587e+00
7.910833333333357587e+00
7.910833333333357587e+00
7.910833333333357587e+00
5.910833333333357587e+00
9.910833333333357587e+00
1.191083333333335759e+01
1.191083333333335759e+01
1.291083333333335759e+01
1.291083333333335759e+01
1.391083333333335759e+01
1.591083333333335759e+01
2.191083333333335759e+01
2.491083333333335759e+01
2.591083333333335759e+01
2.991083333333335759e+01
2.891083333333335759e+01
2.991083333333335759e+01
2.991083333333335759e+01
3.191083333333335759e+01
3.291083333333335759e+01
3.791083333333335759e+01
3.791083333333335759e+01
4.191083333333335759e+01
4.791083333333335759e+01
5.191083333333335759e+01
5.591083333333335759e+01
5.791083333333335759e+01
5.891083333333335759e+01
5.891083333333335759e+01
5.991083333333335759e+01
5.891083333333335759e+01
6.091083333333335759e+01
6.591083333333335759e+01
6.891083333333335759e+01
7.591083333333335759e+01
7.891083333333335759e+01
8.191083333333335759e+01
8.291083333333335759e+01
8.091083333333335759e+01
7.791083333333335759e+01
7.691083333333335759e+01
7.691083333333335759e+01
7.891083333333335759e+01
7.891083333333335759e+01
8.191083333333335759e+01
8.191083333333335759e+01
8.391083333333335759e+01
8.391083333333335759e+01
8.291083333333335759e+01
8.391083333333335759e+01
7.991083333333335759e+01
7.491083333333335759e+01
7.091083333333335759e+01
6.891083333333335759e+01
6.691083333333335759e+01
6.291083333333335759e+01
5.991083333333335759e+01
5.591083333333335759e+01
5.291083333333335759e+01
4.591083333333335759e+01
4.091083333333335759e+01
3.691083333333335759e+01
2.591083333333335759e+01
2.191083333333335759e+01
1.691083333333335759e+01
8.910833333333357587e+00
6.910833333333357587e+00
2.910833333333357587e+00
9.108333333333575865e-01
-3.089166666666642413e+00
-3.089166666666642413e+00
-6.089166666666642413e+00
-1.008916666666664241e+01
-1.208916666666664241e+01
-1.308916666666664241e+01
-1.808916666666664241e+01
-1.708916666666664241e+01
-1.908916666666664241e+01
-2.108916666666664241e+01
-2.208916666666664241e+01
-2.308916666666664241e+01
-2.308916666666664241e+01
-2.208916666666664241e+01
-2.208916666666664241e+01
-2.208916666666664241e+01
-2.208916666666664241e+01
-2.308916666666664241e+01
-2.408916666666664241e+01
-2.408916666666664241e+01
-2.608916666666664241e+01
-2.608916666666664241e+01
-2.908916666666664241e+01
-2.808916666666664241e+01
-2.308916666666664241e+01
-2.208916666666664241e+01
-2.008916666666664241e+01
-1.808916666666664241e+01
-1.708916666666664241e+01
-1.608916666666664241e+01
-1.808916666666664241e+01
-1.908916666666664241e+01
-1.908916666666664241e+01
-1.908916666666664241e+01
-2.008916666666664241e+01
-1.508916666666664241e+01
-1.308916666666664241e+01
-1.008916666666664241e+01
-6.089166666666642413e+00
-6.089166666666642413e+00
-8.089166666666642413e+00
-1.308916666666664241e+01
-1.908916666666664241e+01
-2.008916666666664241e+01
-2.108916666666664241e+01
-1.908916666666664241e+01
-1.808916666666664241e+01
-1.608916666666664241e+01
-1.608916666666664241e+01
-1.108916666666664241e+01
-1.208916666666664241e+01
-1.408916666666664241e+01
-1.508916666666664241e+01
-1.508916666666664241e+01
-2.208916666666664241e+01
-2.008916666666664241e+01
-2.008916666666664241e+01
-2.308916666666664241e+01
-2.208916666666664241e+01
-1.908916666666664241e+01
-1.808916666666664241e+01
-1.608916666666664241e+01
-1.708916666666664241e+01
-1.908916666666664241e+01
-2.008916666666664241e+01
-2.108916666666664241e+01
-2.208916666666664241e+01
-2.408916666666664241e+01
-2.508916666666664241e+01
-2.608916666666664241e+01
-2.808916666666664241e+01
-2.608916666666664241e+01
-2.508916666666664241e+01
-2.508916666666664241e+01
-2.308916666666664241e+01
-2.308916666666664241e+01
-2.208916666666664241e+01
-2.308916666666664241e+01
-2.708916666666664241e+01
-2.908916666666664241e+01
-3.308916666666664241e+01
-3.508916666666664241e+01
-3.408916666666664241e+01
-3.308916666666664241e+01
-3.108916666666664241e+01
-2.808916666666664241e+01
-2.308916666666664241e+01
-1.908916666666664241e+01
-1.508916666666664241e+01
-1.208916666666664241e+01
-1.108916666666664241e+01
-1.308916666666664241e+01
-1.608916666666664241e+01
-2.108916666666664241e+01
-2.108916666666664241e+01
-1.708916666666664241e+01
-1.208916666666664241e+01
-6.089166666666642413e+00
-2.089166666666642413e+00
-8.916666666664241347e-02
1.910833333333357587e+00
-8.916666666664241347e-02
-2.089166666666642413e+00
-4.089166666666642413e+00
-2.089166666666642413e+00
-4.089166666666642413e+00
-3.089166666666642413e+00
-3.089166666666642413e+00
-8.089166666666642413e+00
-1.008916666666664241e+01
-1.108916666666664241e+01
-1.408916666666664241e+01
-1.508916666666664241e+01
-1.808916666666664241e+01
-2.108916666666664241e+01
-2.208916666666664241e+01
-2.308916666666664241e+01
-2.608916666666664241e+01
-2.808916666666664241e+01
-3.008916666666664241e+01
-3.208916666666664241e+01
-3.708916666666664241e+01
-3.808916666666664241e+01
-3.808916666666664241e+01
-3.908916666666664241e+01
-3.908916666666664241e+01
-4.008916666666664241e+01
-3.808916666666664241e+01
-3.908916666666664241e+01
-3.908916666666664241e+01
-4.108916666666664241e+01
-4.108916666666664241e+01
-3.808916666666664241e+01
-4.008916666666664241e+01
-3.808916666666664241e+01
-3.808916666666664241e+01
-3.908916666666664241e+01
-3.808916666666664241e+01
-3.908916666666664241e+01
-3.908916666666664241e+01
-4.208916666666664241e+01
-4.208916666666664241e+01
-4.208916666666664241e+01
-4.308916666666664241e+01
-3.908916666666664241e+01
-3.508916666666664241e+01
-3.208916666666664241e+01
-2.908916666666664241e+01
-3.308916666666664241e+01
-3.308916666666664241e+01
-3.208916666666664241e+01
-3.208916666666664241e+01
-3.108916666666664241e+01
-3.008916666666664241e+01
-2.408916666666664241e+01
-1.108916666666664241e+01
4.910833333333357587e+00
2.791083333333335759e+01
5.891083333333335759e+01
9.391083333333335759e+01
1.369108333333333576e+02
1.809108333333333576e+02
2.279108333333333576e+02
2.689108333333333576e+02
2.999108333333333576e+02
3.069108333333333576e+02
2.949108333333333576e+02
2.539108333333333576e+02
1.859108333333333576e+02
9.791083333333335759e+01
-6.089166666666642413e+00
-1.090891666666666424e+02
-2.000891666666666424e+02
-2.580891666666666424e+02
-2.710891666666666424e+02
-2.450891666666666424e+02
-1.940891666666666424e+02
-1.420891666666666424e+02
-9.108916666666664241e+01
-5.508916666666664241e+01
-3.008916666666664241e+01
-1.608916666666664241e+01
-1.308916666666664241e+01
-1.408916666666664241e+01
-1.708916666666664241e+01
-2.108916666666664241e+01
-2.608916666666664241e+01
-2.708916666666664241e+01
-2.308916666666664241e+01
-2.308916666666664241e+01
-2.108916666666664241e+01
-1.808916666666664241e+01
-1.508916666666664241e+01
-1.508916666666664241e+01
-1.308916666666664241e+01
-1.108916666666664241e+01
-1.008916666666664241e+01
-9.089166666666642413e+00
-1.108916666666664241e+01
-9.089166666666642413e+00
-1.008916666666664241e+01
-1.008916666666664241e+01
-8.089166666666642413e+00
-5.089166666666642413e+00
-2.089166666666642413e+00
-8.916666666664241347e-02
1.910833333333357587e+00
3.910833333333357587e+00
4.910833333333357587e+00
4.910833333333357587e+00
2.910833333333357587e+00
2.910833333333357587e+00
3.910833333333357587e+00
6.910833333333357587e+00
8.910833333333357587e+00
1.191083333333335759e+01
1.591083333333335759e+01
1.891083333333335759e+01
2.291083333333335759e+01
2.491083333333335759e+01
2.591083333333335759e+01
2.691083333333335759e+01
2.691083333333335759e+01
2.591083333333335759e+01
3.091083333333335759e+01
3.191083333333335759e+01
2.991083333333335759e+01
3.691083333333335759e+01
4.091083333333335759e+01
4.191083333333335759e+01
4.591083333333335759e+01
4.791083333333335759e+01
5.091083333333335759e+01
5.391083333333335759e+01
5.691083333333335759e+01
5.891083333333335759e+01
6.191083333333335759e+01
6.491083333333335759e+01
6.791083333333335759e+01
6.891083333333335759e+01
7.191083333333335759e+01
7.491083333333335759e+01
7.691083333333335759e+01
7.991083333333335759e+01
7.991083333333335759e+01
8.091083333333335759e+01
8.091083333333335759e+01
8.191083333333335759e+01
7.891083333333335759e+01
7.691083333333335759e+01
7.791083333333335759e+01
7.791083333333335759e+01
7.991083333333335759e+01
7.991083333333335759e+01
7.991083333333335759e+01
7.991083333333335759e+01
7.891083333333335759e+01
7.691083333333335759e+01
7.591083333333335759e+01
7.091083333333335759e+01
6.491083333333335759e+01
6.191083333333335759e+01
5.691083333333335759e+01
5.391083333333335759e+01
4.791083333333335759e+01
4.791083333333335759e+01
4.391083333333335759e+01
3.991083333333335759e+01
3.791083333333335759e+01
2.991083333333335759e+01
2.391083333333335759e+01
1.691083333333335759e+01
1.091083333333335759e+01
5.910833333333357587e+00
1.910833333333357587e+00
9.108333333333575865e-01
9.108333333333575865e-01
-4.089166666666642413e+00
-2.089166666666642413e+00
-5.089166666666642413e+00
-9.089166666666642413e+00
-1.008916666666664241e+01
-1.408916666666664241e+01
-1.808916666666664241e+01
-2.008916666666664241e+01
-1.808916666666664241e+01
-2.008916666666664241e+01
-2.008916666666664241e+01
-1.708916666666664241e+01
-1.908916666666664241e+01
-1.608916666666664241e+01
-1.808916666666664241e+01
-1.808916666666664241e+01
-1.808916666666664241e+01
-2.108916666666664241e+01
-2.508916666666664241e+01
-2.408916666666664241e+01
-2.608916666666664241e+01
-2.508916666666664241e+01
-2.308916666666664241e+01
-2.108916666666664241e+01
-1.908916666666664241e+01
-2.008916666666664241e+01
-2.008916666666664241e+01
-2.008916666666664241e+01
-2.008916666666664241e+01
-2.008916666666664241e+01
-1.908916666666664241e+01
-1.908916666666664241e+01
-1.908916666666664241e+01
-1.908916666666664241e+01
-1.808916666666664241e+01
-1.508916666666664241e+01
-1.408916666666664241e+01
-1.508916666666664241e+01
-1.308916666666664241e+01
-1.208916666666664241e+01
-1.408916666666664241e+01
-1.108916666666664241e+01
-1.108916666666664241e+01
-1.108916666666664241e+01
-1.208916666666664241e+01
-1.208916666666664241e+01
-1.008916666666664241e+01
-1.208916666666664241e+01
-1.108916666666664241e+01
-1.008916666666664241e+01
-8.089166666666642413e+00
-6.089166666666642413e+00
-9.089166666666642413e+00
-1.008916666666664241e+01
-1.208916666666664241e+01
-1.608916666666664241e+01
-1.708916666666664241e+01
-1.708916666666664241e+01
-1.708916666666664241e+01
-1.608916666666664241e+01
-1.508916666666664241e+01
-1.308916666666664241e+01
-1.208916666666664241e+01
-1.308916666666664241e+01
-1.608916666666664241e+01
-1.808916666666664241e+01
-1.908916666666664241e+01
-1.908916666666664241e+01
-2.108916666666664241e+01
-2.408916666666664241e+01
-2.108916666666664241e+01
-1.608916666666664241e+01
-1.608916666666664241e+01
-1.508916666666664241e+01
-1.508916666666664241e+01
-1.608916666666664241e+01
-2.208916666666664241e+01
-2.108916666666664241e+01
-2.108916666666664241e+01
-2.408916666666664241e+01
-2.308916666666664241e+01
-2.308916666666664241e+01
-2.208916666666664241e+01
-2.108916666666664241e+01
-1.908916666666664241e+01
-1.708916666666664241e+01
-1.808916666666664241e+01
-1.908916666666664241e+01
-1.908916666666664241e+01
-2.008916666666664241e+01
-2.208916666666664241e+01
-2.408916666666664241e+01
-2.108916666666664241e+01
